$SPEC_ID:
No sample description was entered.
$SPEC_REM:
DET# 17
DETDESC# WD011-04 Easy-MCA-8k SN 13260151
AP# Maestro Version 7.01
$DATE_MEA:
04/21/2017 18:20:41
$MEAS_TIM:
120 120
$DATA:
0 1023
       0
       0
       0
       0
       0
       0
       0
       0
       0
       0
       0
       0
       0
       1
       3
       3
       4
       6
       7
       2
       6
       1
       4
       4
       3
       5
       4
       3
       3
       3
       4
       5
       5
       5
       2
       5
       6
       5
       4
       5
       4
       6
       5
       2
       2
       4
       4
       5
       8
       7
       8
       3
       2
       5
       4
       7
       4
       9
       3
       6
       6
       5
       6
       3
       9
       7
       6
       3
       4
       6
       9
       9
       9
      12
       4
       6
      15
      13
      12
      10
      11
      10
       8
       9
      11
      16
       7
      11
      13
      14
      13
      17
      16
      26
      21
      28
      22
      21
      27
      22
      22
      21
      20
      15
      24
      18
      24
      20
      20
      17
      28
      15
      22
      21
      25
      16
      24
      13
      22
      22
      18
      18
      21
      21
      15
      25
      15
      17
      17
      15
      18
      20
      20
      12
      25
      19
      16
      17
      15
      20
      19
      15
      22
      18
      20
      25
      12
      23
      26
      17
      12
      18
      29
      11
      16
      16
      15
      17
      30
      14
      18
      25
      13
      19
      29
      19
      15
      13
      23
      22
      15
      15
      18
      19
      20
      21
      14
      19
      18
      18
      23
      21
      16
      16
      17
      21
      18
      18
      19
      19
      28
      16
      16
      17
      14
      15
      20
      14
      29
      20
      17
      13
      22
      31
      17
      21
      20
      17
      19
      23
      20
      21
      20
      18
      25
      23
      17
      18
      21
      24
      21
      20
      11
      16
      24
      21
      18
      25
      27
      22
      21
      12
      22
      29
      22
      13
      18
      23
      17
      16
      19
      19
      21
      15
       8
      14
      12
      15
      11
      15
      10
      15
      11
      13
      12
       6
      14
       6
       7
      13
      13
      11
      14
      12
       5
       6
       8
       6
       4
       7
      13
      20
       7
       7
      10
       7
       8
       6
       5
       9
       6
      12
       7
       9
       7
       7
      10
      10
       6
      11
       6
       5
       7
       6
      10
       5
       6
       7
      10
       3
       9
       4
       7
       8
       6
       4
       4
       8
       4
       6
      11
       5
       1
       2
       5
       3
       2
       7
       7
       3
       9
       3
       5
       6
       3
       3
       3
       3
       5
       6
       6
       7
       3
       9
       2
       0
       4
       7
       6
       7
       7
       3
       5
       5
       4
       3
       4
       1
       6
       7
       7
       2
       5
       5
       3
       1
       5
       2
       4
       4
       5
       4
       4
       5
       6
       6
       5
       2
       3
       3
       5
       1
       3
       5
       5
       5
       1
       4
       2
       5
       3
       6
       3
       6
       7
       7
       1
       3
       7
       7
       4
       2
       2
       2
       4
       4
       4
       1
       7
       2
       5
       7
       2
       4
       3
       3
       3
       3
       6
       4
       2
       1
       4
       3
       3
       0
       4
       4
       4
       2
       2
       3
       2
       3
       0
       1
       8
       1
       5
       2
       2
       3
       5
       7
       1
       5
       3
       4
       1
       3
       2
       4
       4
       2
       5
       4
       3
       1
       3
       2
       5
       3
       3
       5
       3
       3
       4
       2
       7
       4
       1
       2
       2
       2
       3
       4
       5
       4
       6
       4
       4
       1
       1
       6
       1
       0
       4
       3
       3
       3
       4
       0
       1
       0
       0
       2
       0
       2
       2
       5
       1
       3
       4
       3
       1
       2
       3
       3
       3
       3
       2
       3
       1
       3
       1
       0
       4
       2
       1
       1
       3
       2
       0
       2
       1
       4
       1
       3
       1
       4
       0
       2
       2
       2
       0
       2
       2
       1
       0
       3
       3
       2
       0
       1
       2
       1
       4
       5
       2
       2
       1
       0
       1
       2
       1
       0
       3
       3
       4
       1
       0
       0
       1
       5
       4
       2
       1
       1
       0
       1
       2
       1
       3
       1
       3
       3
       2
       2
       3
       2
       2
       1
       1
       3
       3
       0
       1
       2
       1
       0
       5
       2
       6
       1
       2
       4
       2
       2
       1
       3
       4
       2
       3
       3
       1
       1
       1
       1
       0
       2
       3
       2
       1
       4
       0
       1
       2
       1
       1
       1
       1
       2
       0
       4
       2
       2
       3
       1
       1
       3
       2
       2
       0
       1
       1
       1
       0
       1
       0
       1
       1
       1
       1
       1
       3
       3
       1
       0
       2
       1
       0
       1
       1
       1
       0
       1
       1
       0
       2
       1
       3
       2
       2
       2
       2
       0
       2
       0
       1
       1
       1
       2
       0
       1
       2
       0
       0
       0
       3
       0
       1
       0
       2
       1
       4
       2
       2
       1
       2
       3
       2
       0
       3
       2
       1
       0
       1
       0
       1
       1
       2
       1
       2
       1
       2
       2
       1
       3
       3
       0
       4
       1
       3
       1
       4
       1
       0
       1
       0
       0
       1
       0
       1
       0
       4
       2
       1
       8
       1
       1
       3
       3
       1
       1
       1
       3
       1
       1
       2
       2
       2
       2
       1
       1
       1
       0
       0
       1
       3
       2
       2
       2
       4
       4
       1
       1
       2
       1
       3
       1
       0
       1
       0
       1
       2
       1
       2
       2
       1
       0
       1
       0
       2
       1
       1
       1
       2
       1
       1
       1
       0
       0
       2
       2
       2
       1
       1
       1
       2
       2
       0
       2
       1
       3
       1
       1
       2
       2
       2
       1
       2
       1
       0
       0
       3
       2
       0
       2
       1
       1
       4
       1
       3
       2
       0
       3
       2
       2
       2
       2
       1
       1
       0
       1
       1
       2
       0
       0
       0
       1
       0
       1
       0
       5
       1
       0
       1
       0
       0
       0
       0
       1
       1
       1
       1
       1
       0
       0
       2
       1
       1
       1
       3
       0
       1
       2
       1
       1
       0
       0
       3
       0
       0
       0
       0
       0
       1
       1
       0
       3
       0
       0
       0
       0
       1
       2
       0
       1
       0
       2
       1
       0
       0
       1
       2
       1
       1
       0
       0
       2
       2
       0
       1
       2
       1
       0
       1
       1
       3
       0
       0
       0
       1
       1
       2
       2
       0
       2
       0
       0
       0
       1
       1
       0
       2
       0
       0
       0
       0
       2
       0
       1
       1
       0
       0
       0
       0
       4
       1
       2
       0
       3
       0
       0
       0
       0
       2
       1
       1
       0
       1
       1
       1
       0
       0
       0
       1
       0
       0
       1
       2
       0
       3
       0
       0
       0
       1
       0
       1
       0
       5
       0
       0
       1
       1
       0
       1
       0
       2
       0
       2
       2
       1
       0
       1
       1
       3
       1
       0
       1
       1
       1
       1
       0
       0
       0
       0
       0
       0
       0
       0
       0
       0
       0
       0
       0
       0
       0
       0
       0
       0
       0
       0
       0
       0
       0
       0
       0
       0
       0
       0
       0
       0
       0
       0
       0
       0
       0
       0
       0
       0
       0
       0
       0
       0
       0
       0
       0
       0
       0
       0
       0
       0
       0
$ROI:
2
3 4
6 1022
$PRESETS:
Live Time
120
0
$ENER_FIT:
0.000000 0.000000
$MCA_CAL:
3
0.000000E+000 0.000000E+000 0.000000E+000 
$SHAPE_CAL:
3
0.000000E+000 0.000000E+000 0.000000E+000
