$SPEC_ID:
No sample description was entered.
$SPEC_REM:
DET# 17
DETDESC# WD011-04 Easy-MCA-8k SN 13260151
AP# Maestro Version 7.01
$DATE_MEA:
04/21/2017 18:10:39
$MEAS_TIM:
120 120
$DATA:
0 1023
       0
       0
       0
       0
       0
       0
       0
       0
       0
       0
       0
       0
       0
       1
       2
       4
       1
       2
       3
       6
       3
       1
       2
       4
       5
       3
       5
       3
       4
       4
       1
       4
       4
       1
       1
       4
       1
       5
       9
       4
       2
       7
       2
       3
       5
       4
       0
       9
       5
       4
       3
       4
       6
       3
       9
       7
       8
       5
       5
       3
       4
       5
       7
      12
       3
       5
      11
       4
       9
       2
       5
       9
       6
       5
       3
       7
       7
       9
      10
       9
       9
       9
       7
      11
      12
       9
      12
      12
      13
      12
      24
      23
      21
      18
      13
      30
      21
      23
      19
      24
      30
      27
      21
      28
      19
      20
      13
      26
      20
      18
      19
      18
      22
      18
      25
      13
      22
      24
      20
      18
      18
      15
      18
      21
      12
      23
      10
      10
      17
      16
      16
      15
      25
      25
      15
      18
      13
      17
      17
      12
      19
      15
      20
      19
      25
      19
      20
      17
      16
      21
      15
      19
      23
      21
      20
      14
      20
      12
      14
      17
      15
      13
      14
      16
      15
      23
      19
      26
      17
      18
      22
      16
      18
      20
      20
      22
      22
      19
      18
      18
      18
      16
      16
      30
      15
      20
      20
      15
      13
      17
       8
      18
      20
      22
      23
      21
      18
      22
      14
      11
      19
      10
      17
      25
      21
      23
      20
      23
      16
      18
      16
      14
      25
      23
      20
      26
      25
      28
      22
      21
      17
      15
      15
      21
      21
      14
      20
      18
      20
      16
      25
      19
      21
      14
      14
      27
      16
      13
      23
      15
      17
      14
      16
      16
      16
      19
       5
      14
      19
      10
       7
      17
      14
       7
      11
       9
       7
      15
      15
       9
      23
       9
       6
      11
      13
      17
      17
       9
       6
       8
       6
       8
       8
      16
       6
      11
       7
       9
      11
      12
      11
      15
       5
       4
       6
       8
       8
       7
       5
       8
       6
       8
       7
       9
       8
       7
       5
       7
       8
       6
       5
       4
       9
       5
       7
       6
       8
       2
       4
       9
       5
       3
       6
       4
       5
       5
       8
       8
       4
       4
       4
       6
       5
       8
       7
       7
       8
       5
       6
       7
       3
       3
       4
       7
       3
       6
       2
       5
       1
       4
       5
       4
       7
       5
       8
       6
       3
       2
       6
       6
       3
       2
       3
       2
       4
       6
       4
       4
       4
       2
       2
       3
       5
       2
       3
       6
       5
       5
       7
       2
       4
       5
       5
       7
       4
       4
       4
       3
       2
       3
       6
       4
       4
       6
       5
       1
       3
       2
       6
       4
       1
       2
       1
       3
       4
       6
       6
       2
       4
       8
       4
       5
       2
       5
       3
       0
       5
       4
       1
       4
       4
       2
       5
       7
       6
       2
       4
       4
       0
       2
       5
       2
       1
       0
       2
       2
       6
       7
       4
       3
       2
      10
       6
       4
       4
       1
       0
       1
       3
       1
       5
       1
       2
       1
       2
       3
       1
       4
       2
       7
       4
       6
       0
       4
       4
       5
       5
       2
       4
       6
       2
       1
       4
       3
       5
       3
       3
       2
       0
       2
       2
       1
       1
       4
       2
       3
       5
       2
       2
       3
       4
       2
       0
       3
       2
       3
       2
       5
       4
       1
       1
       1
       2
       4
       5
       2
       4
       4
       3
       1
       3
       2
       1
       2
       0
       6
       1
       3
       2
       1
       0
       0
       0
       3
       4
       0
       2
       2
       1
       2
       3
       1
       3
       6
       1
       1
       1
       1
       2
       2
       2
       2
       3
       0
       0
       1
       2
       1
       0
       2
       2
       2
       2
       2
       2
       0
       2
       0
       1
       2
       1
       1
       2
       3
       1
       0
       2
       0
       4
       2
       6
       0
       4
       2
       0
       3
       2
       2
       0
       2
       1
       3
       0
       0
       4
       2
       2
       4
       3
       0
       1
       4
       1
       0
       4
       1
       1
       2
       0
       2
       0
       3
       0
       2
       0
       1
       2
       3
       1
       1
       2
       2
       2
       2
       1
       2
       1
       4
       2
       1
       0
       4
       3
       0
       1
       0
       3
       4
       0
       1
       1
       2
       0
       2
       2
       1
       2
       1
       2
       1
       1
       0
       1
       1
       0
       2
       3
       1
       1
       0
       0
       1
       4
       3
       2
       0
       4
       4
       1
       2
       1
       3
       1
       1
       0
       1
       2
       4
       1
       1
       0
       3
       1
       1
       3
       0
       1
       4
       0
       0
       1
       3
       4
       4
       3
       1
       1
       1
       5
       2
       1
       2
       0
       1
       2
       3
       0
       0
       1
       1
       1
       1
       2
       4
       1
       2
       1
       1
       2
       4
       1
       4
       1
       0
       5
       0
       2
       0
       1
       3
       2
       1
       3
       1
       0
       1
       1
       4
       2
       3
       0
       1
       0
       1
       3
       1
       1
       0
       0
       2
       0
       2
       2
       2
       0
       2
       2
       3
       4
       1
       1
       1
       0
       0
       0
       4
       0
       4
       2
       1
       1
       1
       0
       1
       2
       0
       1
       4
       1
       1
       3
       0
       2
       1
       2
       2
       1
       1
       2
       2
       1
       1
       1
       2
       0
       4
       0
       2
       2
       1
       4
       0
       0
       0
       1
       0
       0
       1
       0
       0
       4
       2
       0
       1
       2
       0
       4
       1
       1
       1
       3
       0
       1
       3
       1
       1
       1
       1
       1
       1
       0
       1
       0
       0
       1
       1
       1
       1
       1
       3
       0
       0
       0
       1
       2
       2
       1
       2
       2
       2
       0
       3
       3
       1
       0
       0
       0
       1
       0
       0
       1
       1
       0
       1
       1
       1
       1
       2
       0
       0
       1
       1
       2
       2
       2
       1
       1
       0
       1
       1
       1
       0
       1
       1
       1
       0
       0
       0
       0
       0
       0
       0
       0
       1
       1
       2
       1
       0
       0
       0
       2
       0
       3
       0
       0
       0
       1
       1
       1
       2
       0
       0
       0
       0
       1
       0
       0
       1
       0
       4
       2
       0
       0
       1
       1
       2
       1
       0
       0
       1
       0
       0
       0
       1
       0
       1
       3
       4
       0
       0
       2
       1
       2
       0
       0
       3
       1
       0
       0
       1
       3
       5
       0
       1
       3
       2
       1
       1
       1
       3
       3
       1
       1
       0
       3
       0
       0
       1
       0
       3
       0
       0
       0
       0
       1
       0
       1
       1
       0
       0
       1
       0
       1
       0
       0
       2
       0
       1
       0
       0
       2
       0
       0
       0
       0
       0
       0
       0
       0
       0
       0
       0
       0
       0
       0
       0
       0
       0
       0
       0
       0
       0
       0
       0
       0
       0
       0
       0
       0
       0
       0
       0
       0
       0
       0
       0
       0
       0
       0
       0
       0
       0
       0
       0
       0
       0
       0
       0
       0
       0
       0
       0
       0
       0
$ROI:
2
3 4
6 1022
$PRESETS:
Live Time
120
0
$ENER_FIT:
0.000000 0.000000
$MCA_CAL:
3
0.000000E+000 0.000000E+000 0.000000E+000 
$SHAPE_CAL:
3
0.000000E+000 0.000000E+000 0.000000E+000
