$SPEC_ID:
No sample description was entered.
$SPEC_REM:
DET# 17
DETDESC# WD011-04 Easy-MCA-8k SN 13260151
AP# Maestro Version 7.01
$DATE_MEA:
04/21/2017 18:28:46
$MEAS_TIM:
120 120
$DATA:
0 1023
       0
       0
       0
       0
       0
       0
       0
       0
       0
       0
       0
       0
       2
      10
       9
       5
       6
       6
       2
       3
       2
       1
       5
       3
       3
       4
       3
       6
       3
       3
       2
       2
       4
       2
       1
       3
       1
       2
       6
       8
       4
       3
       6
       6
       6
       5
       7
       1
       8
       6
       7
       2
       1
       2
       4
       9
       6
       7
       5
       5
       9
       7
       4
       7
       9
       3
       2
       3
       8
       8
       6
       9
       6
       4
       6
       4
       7
       4
       7
       3
       6
      12
       8
       6
      11
      15
      13
      13
       8
      19
      26
      16
      16
      22
      20
      25
      17
      20
      20
      34
      27
      32
      21
      27
      15
      21
      20
      25
      26
      17
      13
      26
      20
      22
      27
      17
      15
      20
      22
      13
      16
      16
      13
      15
      25
      19
      15
      18
       9
      23
      20
      18
      11
      19
      22
      12
      20
      19
      29
      18
      22
      25
      18
      17
      26
      18
      17
      24
      24
      21
      17
      23
      12
      21
      19
      16
      21
      17
      14
      18
      24
      20
      21
      18
      24
      18
      21
      28
      16
      18
      19
      21
      24
      17
      23
      17
      23
      24
      20
      16
      20
      18
       9
      20
      22
      18
      21
      21
      13
      21
      27
      23
      27
      17
      21
      19
      18
      18
      14
      20
       9
      10
      19
      20
      22
      22
      24
      22
      19
      16
      18
      18
      19
      14
      23
      20
      21
      22
      29
      23
      16
      17
      23
      15
      22
      18
      19
      27
      16
      16
      23
      25
      18
      17
      11
      19
      17
      12
      16
      12
      17
      18
      18
      11
      13
      17
      14
      12
      15
      12
      11
      15
      13
       9
      15
       9
       7
      12
      12
      15
      10
       6
       6
      15
       4
       7
       3
       6
      10
       8
       5
       8
       9
       9
       7
      10
       8
       8
       8
       8
      10
      11
       7
       3
       5
      10
       6
       4
       7
       7
       9
       4
       6
       6
       5
       6
       5
       4
       8
      10
       6
       6
       9
       3
       4
       4
      10
       4
       5
       8
       6
       6
       4
       4
       9
       6
       8
       6
      11
       6
       6
      10
       5
       7
       6
       3
       3
      11
       4
       6
       5
       8
       4
       6
       3
       4
       8
       9
       7
       4
       4
       4
       4
       7
       2
       1
       5
       3
       4
       3
       9
       6
       1
       5
       5
       4
       4
       5
       3
       4
       5
       1
       3
       2
       3
       5
       6
       3
       6
       3
       6
       3
       1
       4
       2
       5
       4
       5
       4
       5
       4
       2
       5
       2
       5
       5
       0
       3
       4
       2
       2
       3
       2
       2
       7
       2
       3
       3
       6
       4
       2
       6
       2
       2
       2
       6
       2
       4
       5
       3
       2
       3
       3
       5
       2
       5
       2
       5
       4
       8
       1
       0
       2
       3
       3
       5
       6
       3
       4
       4
       4
       8
       1
       8
       1
       2
       4
       5
       2
       1
       6
       4
       5
       3
       1
       4
       3
       2
       4
       5
       4
       0
       1
       2
       4
       4
       6
       3
       3
       3
       4
       1
       1
       2
       1
       1
       6
       1
       2
       5
       4
       4
       2
       3
       2
       1
       1
       1
       4
       0
       2
       2
       1
       1
       5
       1
       3
       4
       2
       2
       3
       5
       1
       1
       0
       4
       1
       2
       4
       4
       2
       2
       3
       2
       6
       2
       3
       3
       1
       0
       3
       2
       1
       3
       2
       1
       2
       2
       5
       3
       3
       3
       2
       1
       2
       4
       3
       2
       5
       5
       0
       1
       2
       4
       4
       3
       2
       0
       1
       3
       1
       2
       4
       5
       4
       0
       0
       1
       3
       2
       0
       0
       2
       1
       1
       4
       2
       3
       4
       1
       3
       3
       1
       1
       3
       1
       4
       0
       0
       2
       0
       2
       2
       0
       5
       0
       1
       1
       0
       1
       3
       3
       4
       4
       0
       5
       0
       3
       2
       2
       5
       3
       2
       0
       2
       2
       1
       1
       1
       1
       1
       3
       1
       1
       3
       4
       2
       1
       2
       3
       1
       1
       1
       3
       1
       1
       1
       1
       1
       3
       5
       1
       1
       1
       6
       0
       2
       4
       3
       2
       1
       1
       3
       3
       1
       2
       1
       2
       1
       2
       0
       1
       2
       0
       3
       0
       0
       5
       1
       2
       2
       0
       0
       1
       3
       2
       1
       3
       2
       2
       2
       0
       4
       2
       0
       1
       1
       2
       3
       1
       1
       3
       3
       3
       4
       0
       2
       2
       0
       2
       1
       2
       1
       1
       2
       1
       1
       0
       3
       2
       2
       2
       1
       0
       0
       1
       1
       2
       3
       0
       2
       1
       2
       1
       1
       1
       2
       1
       4
       2
       3
       2
       1
       2
       3
       1
       1
       1
       0
       1
       0
       2
       4
       0
       2
       2
       3
       2
       1
       1
       0
       3
       0
       0
       2
       3
       1
       3
       1
       1
       3
       0
       3
       0
       4
       1
       1
       1
       4
       4
       0
       1
       0
       2
       0
       0
       3
       2
       2
       1
       0
       0
       1
       2
       2
       2
       2
       1
       3
       0
       0
       0
       3
       2
       0
       3
       3
       2
       1
       1
       0
       3
       3
       1
       0
       2
       0
       1
       0
       2
       3
       2
       2
       2
       1
       0
       0
       3
       1
       1
       1
       0
       2
       3
       0
       1
       1
       1
       3
       3
       0
       0
       1
       0
       2
       1
       2
       2
       1
       1
       1
       2
       0
       3
       1
       2
       1
       1
       1
       0
       0
       0
       0
       0
       2
       1
       3
       1
       1
       1
       0
       1
       1
       0
       0
       0
       1
       1
       2
       1
       1
       2
       1
       1
       1
       0
       2
       0
       1
       1
       1
       5
       1
       1
       2
       1
       0
       0
       2
       0
       2
       1
       2
       0
       1
       0
       0
       2
       0
       1
       1
       3
       1
       0
       1
       0
       0
       0
       1
       3
       1
       1
       2
       0
       1
       2
       2
       1
       0
       0
       0
       1
       0
       1
       0
       0
       0
       0
       1
       2
       0
       2
       2
       1
       0
       2
       0
       1
       1
       0
       3
       0
       0
       0
       0
       1
       0
       0
       0
       0
       2
       2
       2
       1
       1
       1
       1
       1
       2
       1
       0
       0
       1
       0
       1
       1
       1
       3
       0
       1
       0
       0
       1
       0
       1
       1
       0
       4
       1
       0
       0
       1
       1
       2
       0
       1
       1
       1
       2
       0
       1
       1
       1
       1
       0
       0
       0
       0
       0
       0
       0
       0
       0
       0
       0
       0
       0
       0
       0
       0
       0
       0
       0
       0
       0
       0
       0
       0
       0
       0
       0
       0
       0
       0
       0
       0
       0
       0
       0
       0
       0
       0
       0
       0
       0
       0
       0
       0
       0
       0
       0
       0
       0
       0
$ROI:
2
3 4
6 1022
$PRESETS:
Live Time
120
0
$ENER_FIT:
0.000000 0.000000
$MCA_CAL:
3
0.000000E+000 0.000000E+000 0.000000E+000 
$SHAPE_CAL:
3
0.000000E+000 0.000000E+000 0.000000E+000
