$SPEC_ID:
No sample description was entered.
$SPEC_REM:
DET# 17
DETDESC# WD011-04 Easy-MCA-8k SN 13260151
AP# Maestro Version 7.01
$DATE_MEA:
04/21/2017 18:42:34
$MEAS_TIM:
120 120
$DATA:
0 1023
       0
       0
       0
       0
       0
       0
       0
       0
       0
       0
       0
       0
       0
       3
       1
       0
       2
       6
       4
       3
       4
       4
       2
       4
       2
       4
       5
       2
       5
       4
       4
       4
       4
       5
       7
       1
       5
       6
       2
       2
       5
       5
       3
       4
       8
       6
       1
       5
       6
       6
       3
       2
       5
       7
       3
       5
       5
       4
       5
       6
       6
       6
       3
       4
      10
       8
       5
       7
       9
      11
       8
      12
       6
       4
       7
       4
      11
       6
       7
       7
       9
       7
       7
      11
      15
      13
      11
      11
      11
      21
      16
      18
      17
      12
      23
      13
      23
      21
      33
      23
      25
      27
      25
      24
      14
      18
      24
      20
      20
      17
      30
      22
      21
      15
      13
      14
       8
      19
      21
      20
      12
      17
      19
      21
      12
      13
      20
      13
      26
      20
      21
      22
      15
      16
       8
      13
      16
      15
      17
      10
      12
      22
      21
      16
      16
      19
      23
      18
      20
      21
      23
      21
      17
      11
      30
      17
      23
      20
      23
      34
      15
      15
      21
      19
      19
      24
      16
      23
      20
      24
      23
      26
      19
      23
      19
      18
      16
      17
      18
      28
      18
      13
      28
      18
      18
      19
      18
      20
      13
      17
      15
      19
      16
      12
      22
      16
      22
      20
      19
      11
      18
      21
      13
      18
      23
      23
      19
      20
      25
      19
      22
      20
      16
      20
      24
      18
      21
      18
      16
      26
      16
      18
      25
      16
      17
      17
      26
      20
      22
      22
      21
      26
      24
      19
      22
      15
      15
      21
      21
      19
      17
      20
      15
       8
      16
      20
      13
      14
      12
      13
      11
       9
      16
      11
       8
       9
      10
      11
       9
      17
       8
      13
      11
       7
      10
       7
      10
      12
       9
       2
       8
      15
       5
      10
       7
       9
       8
       8
       5
      12
       7
       5
       3
       7
       5
       9
       5
       8
       5
       5
       7
      14
      11
       4
       9
       8
       4
       5
       7
       6
       5
       7
       7
       4
       3
       2
       7
       5
       4
       4
       5
       9
       5
       4
       4
       3
       4
       3
      10
       5
       4
       4
       6
       6
       4
      11
       4
       3
      12
       7
       7
       7
       3
       9
       4
       6
       8
       7
       7
      11
       5
       7
       5
       4
       8
       1
       1
       5
       6
       0
       4
       8
       5
       5
       9
       3
       4
       6
       5
       4
       2
       4
       5
       3
       5
       6
       2
       2
       2
       4
       3
       6
       4
       2
       1
       4
       4
       5
       2
       0
       8
       2
       2
       5
       5
       4
       5
       4
       5
       3
       6
       3
       1
       2
       5
       6
       1
       1
       1
       2
       2
       4
       1
       4
       1
       2
       0
       1
       4
       2
       3
       2
       4
       2
       3
       6
       2
       5
       4
       4
       2
       7
       6
       2
       6
       2
       5
       3
       3
       4
       4
       1
       6
       4
       2
       0
       2
       2
       4
       3
       3
       2
       0
       3
       4
       1
       4
       2
       0
       2
       1
       3
       0
       2
       3
       0
       3
       2
       1
       5
       3
       4
       2
       1
       0
       2
       1
       4
       2
       2
       2
       2
       1
       1
       4
       0
       1
       1
       1
       4
       3
       2
       5
       0
       3
       0
       4
       3
       3
       1
       1
       2
       2
       2
       3
       2
       2
       4
       1
       3
       0
       1
       0
       2
       2
       5
       1
       3
       1
       3
       3
       0
       3
       3
       2
       3
       1
       0
       3
       2
       0
       3
       3
       1
       4
       0
       2
       5
       1
       3
       3
       3
       2
       2
       1
       1
       1
       1
       1
       6
       0
       1
       2
       3
       1
       1
       3
       2
       1
       2
       4
       2
       1
       1
       3
       1
       1
       1
       1
       3
       0
       1
       1
       4
       1
       3
       3
       1
       2
       3
       0
       4
       1
       1
       2
       1
       2
       1
       1
       1
       1
       0
       1
       1
       1
       1
       2
       2
       1
       3
       2
       2
       1
       3
       1
       3
       0
       1
       1
       0
       3
       2
       2
       1
       2
       2
       1
       2
       1
       4
       4
       4
       1
       3
       3
       1
       1
       1
       3
       2
       2
       2
       1
       1
       2
       1
       1
       3
       2
       1
       0
       3
       4
       2
       2
       3
       2
       0
       0
       2
       1
       3
       1
       2
       1
       2
       0
       1
       2
       2
       1
       1
       0
       0
       1
       2
       3
       1
       0
       0
       1
       3
       3
       3
       1
       4
       1
       3
       3
       1
       1
       4
       3
       2
       1
       1
       2
       0
       1
       3
       0
       1
       4
       3
       1
       1
       1
       1
       4
       0
       3
       2
       2
       1
       4
       0
       4
       2
       3
       4
       0
       1
       2
       1
       2
       1
       1
       3
       5
       0
       4
       2
       3
       2
       1
       1
       1
       1
       2
       0
       2
       2
       2
       0
       3
       0
       1
       1
       0
       1
       2
       1
       0
       4
       0
       0
       1
       5
       0
       2
       1
       2
       1
       0
       0
       0
       0
       0
       0
       1
       1
       0
       1
       1
       5
       0
       1
       4
       1
       2
       2
       0
       1
       3
       1
       2
       3
       2
       0
       0
       0
       0
       1
       0
       0
       1
       3
       0
       1
       5
       2
       0
       1
       1
       1
       0
       2
       1
       1
       0
       0
       0
       0
       1
       0
       2
       5
       1
       1
       2
       2
       1
       1
       0
       0
       0
       2
       3
       2
       0
       1
       0
       1
       1
       2
       1
       0
       2
       0
       1
       1
       0
       0
       1
       1
       2
       1
       1
       1
       0
       1
       0
       4
       2
       0
       1
       2
       0
       0
       1
       0
       0
       1
       0
       1
       1
       1
       1
       0
       1
       2
       1
       0
       2
       2
       2
       3
       3
       1
       0
       2
       0
       1
       2
       1
       2
       2
       0
       0
       2
       2
       2
       1
       4
       2
       0
       0
       0
       1
       0
       1
       0
       0
       1
       1
       0
       4
       1
       2
       1
       1
       0
       0
       2
       1
       1
       2
       0
       0
       0
       1
       1
       2
       3
       2
       2
       2
       3
       1
       0
       0
       0
       1
       1
       0
       0
       2
       2
       2
       0
       1
       1
       2
       1
       3
       0
       0
       0
       1
       0
       1
       1
       0
       1
       0
       1
       2
       3
       0
       1
       2
       1
       4
       2
       1
       1
       1
       1
       1
       0
       0
       0
       0
       2
       3
       0
       0
       1
       0
       3
       0
       1
       1
       0
       0
       1
       0
       2
       1
       0
       2
       0
       0
       1
       0
       0
       0
       0
       0
       0
       0
       0
       0
       0
       0
       0
       0
       0
       0
       0
       0
       0
       0
       0
       0
       0
       0
       0
       0
       0
       0
       0
       0
       0
       0
       0
       0
       0
       0
       0
       0
       0
       0
       0
       0
       0
       0
       0
       0
       0
       0
       0
       0
       0
$ROI:
2
3 4
6 1022
$PRESETS:
Live Time
120
0
$ENER_FIT:
0.000000 0.000000
$MCA_CAL:
3
0.000000E+000 0.000000E+000 0.000000E+000 
$SHAPE_CAL:
3
0.000000E+000 0.000000E+000 0.000000E+000
