$SPEC_ID:
No sample description was entered.
$SPEC_REM:
DET# 17
DETDESC# WD011-04 Easy-MCA-8k SN 13260151
AP# Maestro Version 7.01
$DATE_MEA:
04/21/2017 18:46:36
$MEAS_TIM:
120 120
$DATA:
0 1023
       0
       0
       0
       0
       0
       0
       0
       0
       0
       0
       0
       0
       0
       1
       1
       3
       5
       4
       3
       5
       3
       2
       3
       6
       0
       6
       3
       2
       5
       2
       2
       4
       4
       7
       3
       2
       8
       4
       3
      10
       4
       5
       3
       3
       2
       4
       2
       5
       6
       3
       7
       7
       9
       8
       4
       7
      10
       3
       7
       8
       4
       5
       5
       3
       5
       7
       5
       2
       7
       8
       4
       6
       8
       9
      12
       8
       9
       4
       6
       9
      13
      13
      12
       7
      14
      15
      17
      13
      12
      13
      19
      18
      20
      18
      30
      31
      29
      16
      25
      24
      26
      14
      23
      25
      25
      23
      12
      12
      16
      18
      16
      14
      17
      20
      13
      16
      11
      19
      15
      20
      18
      25
      19
      20
      16
      16
      21
      28
       9
      12
      21
      11
      12
      19
      20
      19
      12
      16
      16
      20
      18
      20
      14
      24
      19
       9
      24
      14
      22
      15
      23
      28
      19
      18
      17
      22
      21
      16
      24
      20
      19
      19
      15
      15
      19
      16
      11
      27
      31
      19
      25
      14
      19
      25
      12
      24
      26
      27
      20
      29
      17
      26
      25
      11
      20
      19
      14
      10
      21
      16
      14
      26
      13
      18
      20
      23
      19
      22
      23
      23
      18
      15
      16
      17
      16
      13
      16
      20
      17
      18
      22
      15
      16
      14
      19
      17
      23
      16
      18
      26
      18
      11
      21
      13
      22
      19
      19
      27
      23
      14
      24
      25
      17
      22
      22
      20
      24
      20
      17
      16
      22
      20
      20
      22
      17
      16
      15
      14
      13
      12
      10
      18
       9
      10
      13
      13
       5
       5
      18
       5
      11
       8
      12
       7
       9
      10
      12
       6
      11
       7
       8
      10
      10
       6
      13
       4
       8
       5
      12
      13
      10
       5
       7
       7
       3
       7
      15
      12
       7
       6
       6
       7
       8
       7
       2
       9
       8
       3
       4
       9
       5
       6
       6
       8
       5
      12
       6
       6
       3
       5
       6
       6
       6
       4
       6
       4
       4
       4
       4
       8
      10
       7
       7
       6
       3
       3
       5
       1
       3
       5
       2
       4
       2
       0
       4
       5
       3
       2
       6
       7
       6
       6
       5
       5
       5
       5
       1
       5
       3
       2
       5
       6
       4
       3
       4
       3
       6
      10
       5
       4
       6
       5
       4
       3
       2
       6
       3
       4
       5
       2
       3
       5
       3
       1
       1
       3
       2
       4
       4
       6
       2
       2
       2
       7
       5
       4
       5
       2
       3
       6
       2
       3
       4
       1
       5
       1
       1
       5
       5
       4
       6
       6
       2
       6
       5
       2
       2
       2
       2
       7
       3
       2
       2
       2
       3
       2
       3
       4
       1
       6
       4
       5
       3
       3
       1
       5
       3
       6
       1
       3
       2
       6
       3
       4
       2
       3
       1
       2
       1
       2
       3
       4
       1
       1
       3
      10
       6
       3
       1
       1
       0
       4
       6
       2
       1
       2
       6
       1
       5
       2
       1
       0
       2
       0
       1
       9
       2
       1
       3
       1
       3
       1
       3
       2
       3
       0
       2
       2
       0
       1
       0
       3
       2
       1
       1
       2
       4
       2
       1
       3
       2
       1
       2
       1
       2
       2
       2
       1
       3
       6
       7
       2
       1
       2
       2
       1
       4
       2
       2
       1
       3
       0
       3
       1
       1
       1
       3
       0
       2
       1
       4
       5
       3
       3
       2
       2
       1
       2
       0
       1
       2
       2
       1
       5
       1
       5
       2
       2
       2
       2
       2
       1
       4
       4
       4
       1
       1
       1
       0
       2
       3
       0
       1
       0
       1
       0
       2
       1
       2
       1
       2
       3
       3
       1
       1
       0
       1
       3
       2
       1
       0
       1
       1
       0
       3
       0
       7
       5
       2
       2
       3
       4
       1
       1
       1
       1
       3
       1
       3
       1
       1
       1
       3
       2
       3
       6
       4
       3
       2
       2
       2
       4
       2
       5
       4
       1
       3
       3
       1
       2
       0
       2
       2
       3
       0
       1
       3
       3
       0
       3
       2
       0
       2
       1
       1
       3
       4
       2
       3
       1
       2
       1
       2
       1
       1
       2
       1
       1
       1
       3
       1
       0
       2
       1
       1
       3
       0
       1
       0
       0
       2
       1
       2
       2
       1
       0
       2
       0
       0
       0
       1
       0
       0
       2
       1
       1
       2
       1
       1
       4
       0
       2
       1
       4
       0
       3
       1
       1
       3
       0
       3
       2
       2
       3
       2
       0
       0
       4
       3
       0
       1
       3
       6
       0
       1
       3
       1
       1
       2
       0
       1
       3
       1
       1
       1
       0
       6
       3
       1
       0
       0
       0
       0
       4
       1
       0
       5
       1
       3
       1
       2
       1
       3
       1
       0
       2
       2
       0
       1
       1
       1
       1
       1
       1
       3
       2
       1
       2
       0
       4
       0
       0
       2
       1
       2
       0
       0
       1
       0
       1
       3
       2
       1
       1
       3
       1
       2
       1
       0
       1
       1
       5
       0
       2
       0
       0
       2
       2
       0
       0
       1
       3
       2
       4
       3
       2
       0
       1
       1
       0
       3
       0
       0
       1
       2
       0
       2
       1
       1
       0
       1
       1
       1
       0
       2
       2
       0
       1
       0
       1
       1
       1
       0
       0
       1
       0
       0
       1
       2
       2
       1
       0
       0
       1
       1
       1
       4
       2
       1
       1
       0
       2
       0
       0
       0
       0
       0
       0
       3
       0
       1
       1
       0
       0
       1
       0
       3
       0
       0
       0
       0
       0
       3
       1
       0
       0
       1
       0
       0
       0
       1
       0
       1
       0
       0
       1
       0
       1
       0
       1
       2
       0
       2
       1
       0
       4
       0
       0
       0
       1
       0
       1
       0
       0
       0
       1
       1
       1
       1
       0
       2
       0
       0
       0
       0
       0
       0
       0
       1
       4
       2
       1
       1
       1
       0
       1
       0
       0
       1
       0
       3
       0
       1
       1
       1
       1
       1
       0
       1
       1
       2
       0
       1
       0
       1
       0
       0
       0
       1
       0
       1
       3
       1
       1
       2
       2
       1
       1
       0
       0
       1
       2
       3
       0
       2
       2
       2
       0
       0
       1
       2
       1
       1
       0
       1
       0
       0
       2
       0
       0
       0
       0
       1
       0
       0
       1
       4
       1
       1
       1
       0
       1
       3
       0
       2
       1
       3
       2
       0
       0
       3
       0
       0
       0
       0
       0
       0
       0
       0
       0
       0
       0
       0
       0
       0
       0
       0
       0
       0
       0
       0
       0
       0
       0
       0
       0
       0
       0
       0
       0
       0
       0
       0
       0
       0
       0
       0
       0
       0
       0
       0
       0
       0
       0
       0
       0
       0
       0
       0
       0
       0
       0
       0
       0
$ROI:
2
3 4
6 1022
$PRESETS:
Live Time
120
0
$ENER_FIT:
0.000000 0.000000
$MCA_CAL:
3
0.000000E+000 0.000000E+000 0.000000E+000 
$SHAPE_CAL:
3
0.000000E+000 0.000000E+000 0.000000E+000
