$SPEC_ID:
No sample description was entered.
$SPEC_REM:
DET# 17
DETDESC# WD011-04 Easy-MCA-8k SN 13260151
AP# Maestro Version 7.01
$DATE_MEA:
04/21/2017 18:24:31
$MEAS_TIM:
120 120
$DATA:
0 1023
       0
       0
       0
       0
       0
       0
       0
       0
       0
       0
       0
       0
       0
       1
       5
       3
       3
       5
       9
       3
       3
       2
       6
       3
       2
       3
       5
       5
       1
       3
       4
       5
       5
       2
       4
       6
       3
       3
       4
       3
       5
       8
       1
       7
       4
       4
       5
       1
       2
       3
       8
       5
       5
       3
       4
       4
       6
       6
       1
       5
      10
       2
       6
       5
       6
       6
       6
       9
       7
       3
       6
       7
       9
       7
      11
       7
      11
       9
       9
      10
      10
       9
      10
       8
      12
      19
       8
       6
      16
      19
      20
      15
      24
      21
      36
      24
      25
      25
      22
      34
      27
      22
      21
      15
      25
      15
      21
      15
      19
      21
      22
      22
      26
      13
      24
      16
      22
      15
      25
      16
      14
      12
      11
      17
       9
      10
      19
      14
      16
      16
      19
      19
      15
      14
      12
      19
      22
      14
      11
      20
      16
      11
      15
      21
      11
      19
      23
      29
      18
      19
      15
      18
      19
      18
      17
      18
      20
      18
      14
      16
      22
      22
      11
      26
      20
      18
      23
      20
       9
      22
      13
      23
      17
      21
      24
      14
      16
      11
      21
      14
      26
      11
      21
      23
      17
      22
      22
      23
      20
      14
      14
      17
      11
      21
      19
      11
      30
      24
      13
      15
      19
      12
      17
      13
      20
      21
      20
      14
      17
      22
      22
      13
      25
      24
      27
      20
      23
      19
      19
      18
      21
      16
      20
      23
      26
      19
      23
      28
      23
      20
      18
      19
      21
      20
      14
      26
      25
      22
      15
      22
      17
      19
      17
      11
      16
      19
      17
      20
      16
      15
      12
      16
      13
      11
      15
       9
      11
       7
      10
       5
      16
       7
       4
      10
      12
       9
      11
      15
       8
       9
      12
       6
       7
      13
      11
       7
       3
       7
       3
       5
       8
       7
       6
       6
       9
       5
       6
       2
       8
       7
       6
       5
       8
       8
       9
      15
       9
      11
       6
       6
       3
       7
       4
       6
       6
       5
       7
       7
       5
       2
       8
       8
       2
       4
       9
       4
       4
       4
       5
       4
       6
       3
       6
       4
       2
       5
       7
       7
       5
       3
       6
       5
       5
       2
       2
       3
       9
       8
       5
       5
       1
       7
       6
       6
       6
       2
       6
       9
       4
      10
       7
       5
       6
       5
       5
       7
       3
       5
       4
       4
       8
       9
       6
       1
       5
       3
       4
       9
       2
      10
       1
       3
       4
       4
       4
       2
       3
       5
       3
       5
       5
       5
       3
       9
       6
       6
       2
       5
       3
       4
       3
       4
       1
       2
       5
       3
       2
       4
       2
       0
       5
       3
       5
       2
       1
       2
       2
       2
       1
       6
       1
       6
       3
       2
       4
       4
       0
       2
       4
       5
       4
       7
       4
       2
       4
       2
       4
       5
       2
       3
       3
       4
       2
       2
       3
       7
       3
       3
       1
       2
       4
       3
       2
       3
       1
       2
       2
       3
       3
       2
       2
       1
      10
       2
       3
       2
       3
       4
       2
       2
       0
       2
       0
       2
       0
       3
       5
       2
       3
       1
       6
       2
       0
       2
       3
       5
       5
       1
       4
       3
       0
       1
       3
       1
       0
       2
       4
       1
       1
       3
       4
       1
       3
       2
       2
       2
       1
       1
       1
       2
       2
       2
       1
       3
       3
       2
       5
       2
       3
       2
       3
       1
       1
       1
       1
       3
       2
       2
       0
       1
       1
       3
       2
       2
       1
       5
       3
       3
       0
       2
       3
       2
       2
       3
       5
       4
       3
       3
       1
       2
       2
       3
       1
       1
       1
       0
       0
       1
       1
       2
       2
       4
       3
       3
       1
       1
       5
       2
       1
       0
       1
       2
       1
       6
       3
       2
       3
       4
       1
       3
       2
       4
       2
       2
       2
       2
       0
       4
       3
       4
       4
       4
       1
       3
       3
       1
       3
       0
       0
       1
       3
       0
       2
       0
       1
       4
       1
       1
       4
       1
       4
       3
       1
       1
       2
       1
       0
       4
       2
       0
       2
       1
       1
       0
       1
       3
       2
       0
       1
       1
       2
       5
       2
       1
       1
       3
       1
       0
       2
       0
       0
       2
       1
       2
       3
       3
       1
       0
       2
       3
       1
       1
       1
       1
       2
       3
       0
       1
       1
       1
       0
       0
       1
       0
       3
       2
       1
       2
       1
       1
       1
       2
       3
       4
       1
       2
       1
       0
       2
       2
       0
       0
       2
       2
       1
       3
       2
       3
       3
       3
       2
       0
       2
       2
       1
       2
       1
       3
       1
       2
       1
       1
       2
       0
       1
       1
       2
       1
       3
       0
       1
       1
       2
       3
       0
       2
       3
       2
       3
       2
       1
       1
       2
       0
       0
       0
       0
       1
       0
       3
       0
       0
       0
       1
       1
       2
       2
       0
       1
       1
       0
       1
       0
       0
       0
       3
       1
       1
       3
       1
       1
       7
       2
       1
       4
       1
       0
       3
       2
       2
       3
       0
       0
       1
       2
       2
       2
       0
       2
       1
       1
       2
       2
       1
       0
       1
       0
       1
       2
       2
       4
       0
       1
       0
       1
       1
       1
       0
       0
       0
       2
       0
       3
       1
       0
       3
       0
       0
       2
       1
       4
       0
       3
       1
       0
       1
       1
       6
       1
       1
       1
       2
       1
       3
       1
       0
       2
       1
       0
       2
       0
       0
       1
       1
       0
       2
       1
       0
       2
       0
       1
       1
       1
       0
       1
       0
       0
       0
       3
       0
       2
       0
       0
       0
       1
       0
       0
       1
       0
       0
       1
       2
       1
       0
       0
       1
       0
       1
       0
       1
       3
       2
       0
       0
       0
       0
       1
       1
       1
       1
       0
       4
       0
       1
       0
       2
       2
       3
       0
       2
       0
       1
       0
       0
       1
       1
       2
       2
       0
       0
       1
       0
       0
       0
       0
       0
       0
       1
       4
       0
       2
       1
       0
       2
       0
       1
       2
       0
       1
       1
       0
       1
       2
       1
       3
       0
       0
       1
       0
       0
       1
       0
       2
       1
       2
       1
       2
       3
       1
       2
       0
       2
       1
       0
       0
       2
       0
       2
       2
       1
       0
       0
       0
       0
       2
       0
       1
       0
       1
       1
       1
       0
       0
       0
       0
       0
       1
       0
       1
       0
       1
       0
       2
       0
       1
       0
       2
       1
       1
       0
       1
       1
       1
       1
       1
       1
       1
       1
       1
       2
       1
       0
       1
       0
       0
       0
       0
       0
       0
       0
       0
       0
       0
       0
       0
       0
       0
       0
       0
       0
       0
       0
       0
       0
       0
       0
       0
       0
       0
       0
       0
       0
       0
       0
       0
       0
       0
       0
       0
       0
       0
       0
       0
       0
       0
       0
       0
       0
       0
       0
       0
       0
       0
       0
$ROI:
2
3 4
6 1022
$PRESETS:
Live Time
120
0
$ENER_FIT:
0.000000 0.000000
$MCA_CAL:
3
0.000000E+000 0.000000E+000 0.000000E+000 
$SHAPE_CAL:
3
0.000000E+000 0.000000E+000 0.000000E+000
