$SPEC_ID:
No sample description was entered.
$SPEC_REM:
DET# 17
DETDESC# WD011-04 Easy-MCA-8k SN 13260151
AP# Maestro Version 7.01
$DATE_MEA:
04/21/2017 18:14:56
$MEAS_TIM:
120 120
$DATA:
0 1023
       0
       0
       0
       0
       0
       0
       0
       0
       0
       0
       0
       0
       0
       1
       3
       5
       2
       5
       4
       5
       2
       2
       3
       3
       2
       2
       2
       5
       1
       4
       0
       6
       4
       6
       3
       2
       2
       3
       3
       3
       2
       5
       2
       3
       2
       3
       5
       6
       4
       4
       5
       9
       4
       6
       8
       6
       4
       5
       6
       7
      10
       6
       5
       8
       8
       6
       8
       6
       5
       5
       9
       4
      13
      10
       7
       5
      10
       9
       5
      12
       8
      12
      16
      10
       9
      14
       7
      10
       9
      16
      19
      18
      17
      11
      26
      27
      30
      25
      29
      25
      24
      29
      25
      17
      21
      18
      19
      14
      26
      21
      15
      19
      14
      21
      20
      22
      16
      22
      17
      16
      18
      13
      29
      18
      13
      17
      14
      21
      23
      22
      22
      19
      26
      19
      18
      22
      13
      16
      21
      20
      28
      17
      19
      17
      22
      16
      22
      22
      16
      19
      17
      13
      19
      15
      18
      23
      23
      20
      19
      14
      20
      20
      16
      20
      21
      16
      13
      23
      22
      17
      22
      16
      26
      11
      20
      16
      13
      23
      14
      20
      22
      20
      26
      16
      20
      16
      19
      16
      20
      18
      16
      19
      25
      20
      19
      21
      27
      14
      17
      20
      20
      23
      10
      24
      25
      18
      20
      21
      19
      14
      18
      18
      15
      12
      16
      21
      19
      16
      21
      22
      18
      24
      18
      30
      28
      29
      21
      21
      30
      16
      27
      24
      21
      13
      22
      30
      16
      27
      21
      24
      13
      24
      16
      22
      21
      12
      15
      13
      18
       9
      12
      10
      15
      15
      13
      10
      12
      11
      20
      13
      13
      13
      11
       5
      12
       6
       7
       6
       9
       5
       7
      11
       4
       5
      13
       5
      12
       8
       9
       4
      12
       9
       6
       8
       6
      12
      12
      12
       9
       6
       4
       4
       7
       9
       6
       6
       8
       5
       4
       6
       4
       4
       4
       4
       3
       7
       4
       9
       5
       5
       5
       5
       5
      10
       6
       4
       1
       6
       6
       8
       9
       7
       6
       6
       3
       7
       3
       1
       1
       6
       6
       3
       3
       2
      13
       5
      11
       9
       6
       8
       3
       4
       2
       7
       2
       4
       1
       3
       6
       6
       5
       3
       6
       3
       5
       2
       4
       4
       9
       5
       2
       5
       9
       3
       3
       4
       3
       4
       3
       0
       6
       3
       4
       2
       5
       3
       3
       2
       4
       3
       5
       6
       3
       3
       4
       6
       2
       2
       3
       3
       2
       2
       3
       5
       7
       5
       1
       1
       6
       9
       1
       3
       2
       3
       4
       5
       2
       3
       5
       1
       4
       3
       5
       6
       3
       1
       5
       3
       2
       4
       3
       3
       3
       5
       1
       4
       5
       2
       6
       2
       3
       1
       1
       1
       1
       5
       5
       1
       4
       5
       1
       2
       4
       3
       3
       3
       6
       3
       2
       1
       0
       3
       0
       6
       8
       2
       2
       6
       4
       0
       1
       1
       0
       1
       2
       5
       1
       3
       2
       5
       6
       4
       2
       1
       3
       1
       1
       3
       7
       0
       3
       3
       3
       2
       0
       2
       1
       0
       6
       0
       0
       2
       1
       1
       5
       4
       5
       4
       0
       1
       2
       4
       3
       2
       4
       0
       1
       1
       0
       2
       2
       0
       3
       0
       0
       0
       3
       4
       5
       1
       3
       0
       2
       1
       3
       4
       3
       0
       2
       6
       2
       3
       2
       1
       1
       5
       1
       2
       3
       1
       2
       3
       1
       3
       0
       3
       3
       7
       1
       1
       4
       1
       1
       1
       1
       0
       3
       2
       3
       3
       2
       2
       2
       1
       1
       3
       2
       1
       2
       4
       1
       0
       2
       1
       0
       3
       2
       1
       2
       1
       1
       1
       1
       1
       1
       1
       1
       3
       1
       2
       2
       3
       5
       3
       1
       0
       2
       1
       2
       4
       1
       1
       2
       3
       3
       5
       1
       0
       0
       4
       4
       3
       2
       2
       3
       3
       2
       2
       0
       1
       1
       0
       1
       2
       3
       7
       0
       4
       3
       5
       1
       0
       2
       4
       1
       2
       3
       1
       1
       1
       3
       0
       3
       1
       1
       4
       0
       1
       3
       0
       4
       1
       1
       2
       1
       0
       1
       1
       0
       1
       1
       3
       4
       1
       5
       4
       2
       2
       2
       2
       2
       2
       3
       3
       4
       1
       2
       1
       2
       2
       2
       0
       1
       1
       2
       3
       1
       3
       1
       5
       1
       1
       1
       1
       4
       5
       4
       1
       2
       2
       3
       0
       1
       0
       1
       0
       0
       0
       2
       0
       0
       1
       2
       1
       3
       4
       3
       1
       5
       0
       1
       0
       0
       2
       0
       1
       0
       1
       3
       2
       1
       2
       2
       1
       0
       2
       2
       1
       2
       2
       1
       2
       1
       0
       2
       0
       2
       0
       1
       2
       2
       2
       1
       1
       0
       1
       1
       2
       0
       4
       0
       2
       0
       1
       1
       1
       4
       2
       4
       3
       2
       2
       0
       2
       2
       1
       3
       0
       1
       2
       0
       2
       2
       2
       1
       1
       2
       3
       1
       0
       0
       1
       1
       1
       0
       3
       1
       1
       0
       1
       5
       1
       1
       1
       2
       1
       0
       1
       0
       2
       3
       1
       1
       2
       3
       1
       1
       1
       1
       2
       1
       0
       0
       3
       2
       0
       1
       1
       1
       1
       1
       0
       0
       0
       3
       0
       0
       2
       1
       0
       3
       0
       4
       3
       0
       0
       1
       2
       1
       1
       1
       2
       0
       1
       1
       1
       0
       1
       1
       0
       0
       0
       0
       1
       1
       0
       0
       0
       3
       2
       1
       0
       3
       0
       4
       1
       1
       0
       1
       0
       1
       2
       0
       0
       0
       0
       0
       0
       0
       0
       0
       1
       0
       0
       0
       0
       0
       0
       0
       1
       1
       0
       0
       1
       0
       2
       1
       0
       0
       2
       1
       2
       1
       0
       2
       0
       0
       1
       2
       2
       2
       0
       0
       4
       0
       1
       1
       0
       1
       3
       4
       0
       0
       0
       0
       1
       0
       0
       0
       1
       0
       1
       0
       0
       1
       0
       0
       1
       1
       0
       0
       1
       3
       0
       1
       0
       1
       0
       0
       0
       2
       3
       1
       1
       1
       0
       0
       0
       2
       1
       0
       1
       1
       0
       0
       0
       0
       0
       0
       0
       0
       0
       0
       0
       0
       0
       0
       0
       0
       0
       0
       0
       0
       0
       0
       0
       0
       0
       0
       0
       0
       0
       0
       0
       0
       0
       0
       0
       0
       0
       0
       0
       0
       0
       0
       0
       0
       0
       0
       0
       0
       0
       0
       0
$ROI:
2
3 4
6 1022
$PRESETS:
Live Time
120
0
$ENER_FIT:
0.000000 0.000000
$MCA_CAL:
3
0.000000E+000 0.000000E+000 0.000000E+000 
$SHAPE_CAL:
3
0.000000E+000 0.000000E+000 0.000000E+000
