$SPEC_ID:
No sample description was entered.
$SPEC_REM:
DET# 17
DETDESC# WD011-04 Easy-MCA-8k SN 13260151
AP# Maestro Version 7.01
$DATE_MEA:
04/21/2017 16:08:02
$MEAS_TIM:
240 240
$DATA:
0 1023
       0
       0
       0
       0
       0
       0
       0
       0
       0
       0
       0
       0
       0
       2
       7
       7
       4
       6
       4
       5
       8
       6
       6
       5
       6
       8
      10
       9
       6
       7
       8
       6
       8
       9
      13
      10
       6
       9
       7
       6
      16
      14
      10
       9
      16
      10
      12
      10
      12
      12
       9
      11
       5
       9
       7
      13
       7
      10
      14
      19
      18
      10
      10
      14
      11
      19
      16
      11
      12
      10
      15
      14
      15
      14
      12
      17
      16
      18
      18
      12
      18
      24
      24
      18
      29
      18
      29
      28
      29
      33
      38
      32
      40
      38
      53
      42
      57
      47
      63
      53
      51
      44
      41
      41
      27
      34
      39
      46
      41
      54
      34
      49
      38
      41
      33
      45
      42
      32
      44
      41
      45
      46
      42
      37
      35
      36
      26
      30
      41
      41
      24
      35
      35
      44
      46
      36
      41
      37
      31
      38
      26
      30
      37
      34
      45
      39
      48
      37
      33
      48
      40
      38
      33
      40
      28
      57
      44
      40
      39
      28
      45
      36
      40
      40
      35
      36
      41
      34
      43
      48
      49
      36
      38
      31
      46
      30
      43
      43
      26
      45
      48
      39
      40
      41
      42
      40
      43
      35
      44
      45
      35
      35
      38
      42
      39
      38
      40
      44
      38
      37
      37
      44
      46
      47
      44
      43
      44
      29
      29
      40
      40
      34
      43
      33
      50
      33
      44
      32
      50
      39
      44
      35
      50
      42
      45
      43
      44
      45
      50
      60
      47
      32
      35
      50
      44
      32
      36
      32
      37
      35
      39
      47
      39
      27
      38
      28
      36
      23
      26
      33
      24
      30
      35
      14
      24
      18
      18
      15
      24
      30
      19
      14
      16
      25
      18
      20
      21
      14
      17
      21
      14
      23
      17
      24
      16
      12
      14
      10
      13
      12
      27
      12
      19
      20
      11
      17
      20
      11
      20
      16
      14
      12
      13
      17
      18
      14
      10
      11
      11
      11
      18
      17
      14
      13
       7
      13
      12
      15
       7
      13
      13
      12
      16
      10
      16
      16
      17
      16
      14
       9
      10
      15
       8
       9
      14
      11
      10
       2
      11
       7
      14
      10
       7
      13
      12
      10
      17
      10
      10
       8
       9
      11
       8
      13
      12
      17
      13
      10
       9
      10
      15
      15
      10
      13
      10
       5
      10
       2
       6
       7
      10
       8
      10
       8
      18
       8
      11
       6
       8
      13
      11
      13
       7
      15
       9
      14
       7
       9
       8
      12
       8
      12
       3
      10
       7
      10
      10
      12
       7
       9
      10
       6
       9
      12
       6
      13
      10
       7
       7
       4
       5
       5
      10
      11
       7
       9
      12
      10
       6
       8
      11
      10
       6
       7
       5
      12
       6
       6
       6
       4
       4
       9
       5
       4
       4
      11
       6
      14
      12
       3
       4
       4
       9
       6
       6
      11
      12
       7
      10
       5
       8
       3
       6
       3
       4
       7
       6
       5
       8
       3
       6
       7
       3
       7
       7
       2
       3
       2
       2
       3
       7
       5
       5
       4
       2
       4
       5
       8
       7
       9
       5
       3
       6
      10
       6
       3
       5
       2
       5
       9
       5
       4
       4
       6
       6
       2
       7
       3
       7
       3
       2
       6
       5
       5
       8
       2
       3
       9
       3
       3
       3
       6
       3
       6
       5
       7
       2
       5
       6
       6
       0
       2
       6
       7
       3
       7
       4
       6
       7
       4
       5
       3
       4
       4
       2
       4
       1
       3
       3
       5
       2
       4
       4
       7
       7
       4
       1
       3
       4
       3
       6
       3
       2
       3
       4
       6
       7
       4
       3
       5
       2
       2
       3
       5
       5
       5
       5
       5
       8
       3
       4
       6
       4
       4
       7
       6
       3
       5
       4
       6
       3
       3
       6
       1
       3
       3
       2
       4
       2
       5
       3
       1
       3
       5
       1
       4
       4
       6
       5
       6
       7
       6
       9
       5
       7
       4
       7
       5
       3
       1
       3
       2
       1
       3
       9
       3
       2
       6
       4
       5
       3
       5
       3
       4
       3
       2
       2
       3
       2
       1
       3
       3
       6
       3
       2
       4
       6
       5
       3
       1
       1
       4
       4
       2
       4
       2
       5
       2
       3
       7
       5
       2
       3
       4
       2
       3
       4
       5
       1
       3
       4
       5
       6
       7
       1
       3
       1
       3
       2
       4
       4
       2
       4
       3
       0
       5
       2
       5
       5
       2
       4
       3
       4
       5
       4
       2
       3
       1
       2
       1
       6
       7
       1
       3
       4
       2
       4
       3
       3
       1
       3
       5
       1
       7
       4
       2
       4
       2
       1
       4
       4
       4
       5
       6
       5
       0
       2
       2
       5
       5
       3
       1
       4
       0
       3
       4
       4
       5
       1
       4
       1
       1
       5
       3
       5
       4
       1
       2
       1
       1
       0
       5
       3
       1
       2
       2
       1
       4
       5
       2
       2
       2
       4
       1
       2
       4
       0
       0
       3
       2
       2
       1
       3
       3
       2
       4
       1
       5
       2
       3
       1
       1
       2
       0
       3
       4
       1
       1
       3
       6
       2
       0
       4
       1
       0
       2
       3
       0
       3
       5
       0
       3
       1
       2
       2
       1
       3
       2
       3
       2
       6
       2
       3
       2
       3
       2
       1
       3
       3
       5
       2
       0
       1
       3
       1
       2
       1
       2
       1
       2
       3
       1
       3
       3
       5
       0
       3
       2
       0
       0
       0
       0
       2
       1
       2
       2
       2
       0
       4
       6
       4
       2
       4
       4
       2
       0
       2
       2
       1
       3
       2
       2
       3
       5
       1
       1
       2
       2
       3
       6
       1
       0
       0
       2
       2
       1
       1
       3
       6
       1
       3
       2
       2
       2
       3
       0
       1
       2
       3
       2
       1
       2
       0
       2
       2
       4
       2
       1
       1
       3
       1
       1
       0
       1
       3
       0
       1
       0
       2
       2
       4
       2
       2
       3
       0
       0
       0
       2
       4
       2
       2
       1
       1
       1
       2
       3
       0
       3
       1
       1
       3
       1
       1
       4
       2
       1
       0
       2
       0
       2
       0
       1
       0
       0
       2
       0
       2
       3
       0
       0
       0
       0
       2
       1
       2
       1
       1
       4
       1
       3
       1
       1
       2
       1
       0
       2
       4
       2
       2
       1
       6
       2
       0
       1
       0
       2
       1
       0
       2
       0
       0
       3
       2
       2
       3
       2
       2
       1
       6
       2
       4
       0
       0
       1
       0
       0
       0
       0
       0
       0
       0
       0
       0
       0
       0
       0
       0
       0
       0
       0
       0
       0
       0
       0
       0
       0
       0
       0
       0
       0
       0
       0
       0
       0
       0
       0
       0
       0
       0
       0
       0
       0
       0
       0
       0
       0
       0
       0
       0
       0
       0
       0
       0
       0
$ROI:
2
3 4
6 1022
$PRESETS:
Live Time
240
0
$ENER_FIT:
0.000000 0.000000
$MCA_CAL:
3
0.000000E+000 0.000000E+000 0.000000E+000 
$SHAPE_CAL:
3
0.000000E+000 0.000000E+000 0.000000E+000
