$SPEC_ID:
No sample description was entered.
$SPEC_REM:
DET# 17
DETDESC# WD011-04 Easy-MCA-8k SN 13260151
AP# Maestro Version 7.01
$DATE_MEA:
04/21/2017 17:07:11
$MEAS_TIM:
240 240
$DATA:
0 1023
       0
       0
       0
       0
       0
       0
       0
       0
       0
       0
       0
       0
       0
       3
       9
       7
      10
       7
       9
       9
       8
      10
      10
       7
      10
       2
       8
       9
      11
      10
       7
       3
       9
       9
       9
       7
      12
       6
      11
       9
      12
      13
       9
      10
       7
       9
       7
      12
      10
      12
       7
      12
      13
      11
      16
      16
       6
      13
      15
      16
      14
      12
      16
      15
      13
       9
       9
      17
      16
      14
      17
      10
      18
       8
      13
      25
      22
      16
      23
      23
      18
      26
      17
      25
      22
      27
      20
      20
      20
      26
      36
      45
      38
      47
      35
      45
      55
      54
      70
      56
      50
      54
      54
      43
      61
      49
      39
      42
      42
      40
      51
      32
      38
      33
      33
      61
      48
      37
      36
      37
      32
      42
      53
      45
      33
      35
      32
      33
      41
      42
      31
      27
      45
      44
      42
      54
      46
      31
      32
      41
      50
      41
      39
      39
      43
      52
      45
      50
      43
      37
      54
      50
      48
      41
      32
      44
      28
      35
      37
      36
      41
      43
      42
      43
      44
      39
      45
      40
      48
      50
      42
      41
      45
      30
      36
      40
      49
      40
      37
      44
      27
      44
      44
      29
      51
      35
      51
      37
      36
      31
      43
      40
      42
      36
      49
      41
      36
      40
      49
      45
      35
      41
      31
      49
      45
      45
      43
      53
      31
      39
      37
      38
      52
      47
      45
      47
      37
      38
      40
      53
      31
      64
      52
      49
      41
      42
      32
      50
      51
      41
      47
      46
      40
      44
      37
      64
      49
      45
      44
      40
      42
      40
      39
      41
      27
      39
      27
      23
      40
      28
      30
      23
      29
      28
      30
      16
      20
      26
      26
      17
      25
      20
      21
      21
      15
      18
      20
      21
      25
      18
      17
      18
      20
      16
      22
      18
      16
      18
      21
      21
      13
      15
      25
      21
      14
      24
      20
      18
      11
      15
      23
      15
      20
      11
      23
      20
      17
      22
       9
      15
      15
      15
      14
      15
      19
      10
      11
      14
      22
       9
      10
      14
      12
       9
      10
      10
      13
      13
      10
      14
      10
      17
      16
      13
       4
      18
      11
      16
      11
      16
      12
      15
      19
       7
       8
       8
      15
       9
       8
      10
       8
      13
      12
      13
       7
       8
      10
      10
      12
      10
       8
       6
      13
       9
       6
       8
       6
       7
       8
       9
       5
      11
       9
       6
      11
      12
      10
       6
       7
      11
      10
       7
      11
       4
       9
      13
       6
      13
       9
       9
      13
       5
       7
       9
       5
       7
       6
       4
       7
       4
       6
       9
       5
      10
       6
       4
       7
       8
      12
       8
       7
       8
      11
      12
       8
       5
       4
      13
      10
       8
       2
       4
       9
       7
       7
       8
       6
       5
       9
      12
      10
      10
       7
       7
       8
       4
       5
      15
       8
       4
       9
      16
       4
       5
       4
       5
       4
       8
       7
      13
       7
      10
      10
      11
       5
       4
       5
       8
       4
       8
       4
       4
       7
       7
       5
       6
       5
       6
       8
       7
       9
       8
       7
       7
       7
       6
       7
       5
       6
       6
       6
       9
       3
       3
       5
       1
       5
       5
       2
       6
       3
       9
       3
       6
       3
      12
       7
       3
       3
       7
       6
       3
       4
       1
       2
       2
       5
       1
       5
       6
       8
       4
       4
       7
       9
       5
       3
       5
       4
       5
       2
       3
       5
       4
       8
       9
       5
       4
       2
       6
       4
       7
       3
       6
       6
       7
       8
       3
       5
       4
       2
       2
       6
       4
       6
       5
       2
       4
       6
       9
       4
       7
       3
       4
       1
       4
       5
       5
       2
       2
       8
       3
       4
       5
       4
       2
       2
       4
       6
       1
       0
       6
       6
       3
       7
       8
       3
       4
       4
       4
       4
       3
       4
       5
       3
       6
       2
       1
       4
       8
       5
       2
       3
       1
       7
       6
       3
       6
       3
       6
       6
       7
       6
       2
       6
       2
       6
       5
       5
       4
       5
       6
       4
       7
       3
       4
       6
       3
       0
       3
       2
       5
       6
       6
       2
       7
       5
       7
       3
       2
       6
       3
       6
       2
       7
       0
       2
       7
       1
       6
       2
       3
       3
       3
       6
       3
       3
       2
       5
       6
       4
       3
       3
       3
       1
       2
       1
       4
       3
       6
       1
       2
       3
       3
       8
       4
       4
       4
       3
       3
       1
       2
       4
       3
       3
       5
       1
       1
       5
       3
       3
       1
       5
       2
       3
       1
       3
       6
       1
       2
       2
       2
       2
       2
       2
       5
       1
       4
       4
       5
       3
       8
       4
       6
       4
       3
       1
       3
       2
       3
       3
       2
       2
       3
       1
       2
       7
       2
       2
       4
       3
       2
       4
       1
       3
       5
       4
       0
       1
       3
       2
       5
       3
       2
       4
       2
       1
       2
       4
       3
       3
       2
       4
       1
       1
       3
       7
       1
       1
       3
       1
       2
       2
       3
       2
       0
       3
       2
       4
       8
       2
       1
       4
       5
       1
       6
       2
       5
       2
       3
       0
       7
       1
       4
       2
       2
       3
       5
       5
       0
       2
       3
       6
       5
       1
       0
       2
       1
       0
       1
       1
       1
       3
       4
       2
       2
       3
       1
       1
       0
       2
       3
       5
       2
       0
       1
       1
       4
       2
       2
       2
       1
       1
       2
       1
       5
       2
       3
       2
       2
       1
       4
       2
       4
       0
       4
       4
       3
       5
       2
       1
       2
       0
       4
       4
       0
       2
       4
       2
       3
       3
       1
       8
       1
       1
       3
       2
       3
       2
       2
       0
       2
       3
       3
       1
       2
       3
       2
       3
       1
       0
       0
       3
       2
       4
       1
       1
       0
       1
       2
       2
       3
       5
       4
       2
       5
       1
       2
       4
       1
       3
       1
       0
       1
       1
       3
       0
       0
       0
       2
       1
       1
       2
       4
       3
       1
       1
       0
       1
       2
       2
       0
       2
       0
       0
       0
       0
       2
       2
       3
       2
       3
       2
       1
       4
       2
       1
       3
       0
       2
       2
       3
       0
       1
       3
       2
       2
       1
       5
       4
       0
       1
       3
       1
       2
       2
       2
       0
       2
       0
       2
       2
       2
       3
       0
       2
       1
       2
       1
       2
       2
       1
       3
       0
       2
       0
       1
       1
       1
       2
       1
       1
       1
       1
       4
       2
       5
       0
       0
       3
       2
       3
       3
       2
       3
       3
       3
       3
       3
       0
       2
       1
       0
       2
       0
       0
       0
       0
       0
       0
       0
       0
       0
       0
       0
       0
       0
       0
       0
       0
       0
       0
       0
       0
       0
       0
       0
       0
       0
       0
       0
       0
       0
       0
       0
       0
       0
       0
       0
       0
       0
       0
       0
       0
       0
       0
       0
       0
       0
       0
       0
       0
       0
       0
$ROI:
2
3 4
6 1022
$PRESETS:
Live Time
240
0
$ENER_FIT:
0.000000 0.000000
$MCA_CAL:
3
0.000000E+000 0.000000E+000 0.000000E+000 
$SHAPE_CAL:
3
0.000000E+000 0.000000E+000 0.000000E+000
