$SPEC_ID:
No sample description was entered.
$SPEC_REM:
DET# 17
DETDESC# WD011-04 Easy-MCA-8k SN 13260151
AP# Maestro Version 7.01
$DATE_MEA:
04/21/2017 16:14:07
$MEAS_TIM:
240 240
$DATA:
0 1023
       0
       0
       0
       0
       0
       0
       0
       0
       0
       0
       0
       0
       0
       5
      11
      11
       6
       7
       9
       7
       4
       9
       8
       5
       9
       4
       7
       8
       6
       8
       3
      10
      13
      13
       8
       9
      14
       8
      12
      10
      16
      10
      11
       5
       6
       4
      14
       3
      11
      12
      14
      13
      16
       9
      14
      15
      15
      12
      15
      12
      15
      21
      13
      17
      17
      11
      17
       7
      10
      13
      13
      21
      16
      15
      29
      19
      28
      15
      17
      23
      31
      26
      28
      17
      16
      32
      26
      32
      21
      31
      27
      38
      39
      44
      48
      55
      47
      48
      75
      67
      48
      45
      52
      44
      49
      49
      54
      47
      48
      33
      51
      42
      46
      26
      45
      51
      44
      44
      35
      39
      43
      42
      33
      41
      43
      42
      30
      43
      48
      27
      43
      34
      41
      33
      44
      36
      33
      40
      47
      38
      47
      40
      47
      45
      45
      45
      41
      48
      46
      36
      51
      45
      37
      40
      44
      43
      40
      36
      57
      47
      38
      32
      50
      43
      40
      39
      52
      38
      46
      46
      43
      40
      41
      43
      38
      38
      40
      51
      52
      41
      51
      58
      48
      46
      55
      50
      47
      52
      41
      46
      39
      54
      43
      41
      39
      48
      39
      48
      33
      42
      42
      47
      44
      50
      47
      36
      44
      53
      51
      47
      47
      49
      33
      43
      36
      39
      55
      54
      29
      37
      63
      29
      36
      52
      40
      42
      37
      52
      42
      52
      49
      46
      45
      42
      43
      46
      35
      36
      39
      39
      60
      41
      41
      33
      31
      41
      38
      41
      40
      33
      27
      32
      27
      32
      31
      32
      17
      28
      21
      23
      27
      28
      23
      25
      19
      25
      23
      25
      18
      14
      16
      14
      14
      16
      21
      26
      17
      13
      17
      13
      21
      17
      22
      18
      21
      25
      21
      11
      17
      19
      11
      18
       7
      18
      17
      15
      10
      21
      18
      17
      13
      20
      12
      13
      21
      16
       9
      20
      17
      17
      13
      10
       9
      13
       9
      19
       8
       9
      10
      13
      11
      10
      13
      11
       4
      11
       8
      15
      14
      14
      16
       8
      14
      10
       7
      12
      12
       3
       4
       7
       8
      11
      15
      12
      10
      10
       4
      10
      10
       8
      12
       9
       5
      11
      17
      13
      10
       7
      12
      10
      11
      12
      10
       7
      12
      12
       8
      11
       2
      13
       7
       7
       6
       4
      13
      17
       5
       8
      10
      10
       7
      17
      10
       9
       7
       3
       9
       7
      10
       8
       5
       5
      11
       7
       8
       6
      11
       3
       5
       5
      10
       7
       6
       6
       9
       6
      11
       7
       9
      10
      16
       6
       6
      12
       9
       8
       5
       5
       5
       6
       6
      17
       7
       6
       7
       6
      11
      11
       5
       6
       5
       5
       3
       5
       5
       8
       9
       8
       8
       8
      10
       5
       5
       2
       1
       7
       5
       8
      10
       7
       5
       3
       9
       6
      11
       4
       9
       6
       6
       6
       6
       5
       7
       4
       4
      11
       9
       6
       5
       2
       3
       5
       5
       2
       6
       6
       5
       6
       6
       2
       4
       4
       5
       7
       3
       7
       7
       4
      11
       6
       5
       4
       5
       5
       8
       4
       3
       4
       1
       3
       6
       6
       2
       3
       3
       5
       2
       7
       8
       7
       6
       3
       6
       2
       5
       4
       6
       5
       4
       3
       6
       8
       7
       7
       7
       3
       5
       2
       5
       1
       6
       6
       2
       3
       2
       7
       5
       2
       1
       8
      11
       5
       5
       2
       2
       5
       3
       4
       2
       3
       8
       6
       4
       7
       6
       3
       7
       4
       4
       5
       5
       2
       4
       6
       0
       7
       5
       2
       6
       4
       6
       7
       5
       7
       6
       1
       5
       4
       1
       2
       4
       5
       3
       6
       3
       5
       5
       3
       3
       4
      10
       2
       4
       4
       5
       5
       3
       3
       7
       3
       4
       2
       2
       3
       2
       2
       3
       4
       2
       1
       4
       3
       9
       6
       4
       6
       4
       4
       2
       3
       0
       2
       5
       3
       8
       5
       2
       3
       2
       7
       0
       0
       4
       6
       2
       1
       0
       3
       4
       2
       6
       2
       3
       1
       1
       7
       3
       2
       1
       1
       2
       4
       3
       5
       3
       4
       3
       3
       2
       6
       5
       3
       3
       2
       8
       4
       3
       3
       0
       4
       2
       5
       2
       5
       5
       0
       6
       1
       5
       4
       3
       4
       3
       4
       2
       5
       3
       5
       5
       4
       2
       2
       3
       3
       2
       5
       3
       7
       3
       2
       2
       2
       3
       2
       3
       2
       4
       3
       4
       0
       5
       5
       4
       3
       4
       2
       0
       3
       2
       4
       1
       2
       4
       2
       3
       3
       3
       2
       4
       3
       2
       4
       4
       1
       1
       2
       9
       5
       3
       3
       2
       5
       1
       4
       0
       3
       1
       1
       3
       2
       4
       0
       3
       4
       4
       4
       1
       3
       3
       1
       5
       4
       3
       4
       2
       5
       2
       4
       2
       5
       0
       3
       3
       3
       4
       1
       6
       3
       4
       4
       1
       2
       2
       4
       3
       1
       1
       5
       3
       3
       4
       3
       2
       1
       0
       1
       0
       2
       2
       0
       1
       0
       3
       3
       7
       4
       5
       2
       3
       2
       2
       2
       2
       3
       2
       2
       3
       0
       3
       2
       1
       6
       1
       3
       2
       1
       3
       1
       2
       0
       1
       1
       2
       2
       5
       1
       1
       5
       3
       0
       3
       7
       3
       1
       2
       2
       1
       2
       4
       1
       0
       1
       2
       2
       2
       1
       0
       2
       3
       3
       1
       2
       1
       1
       1
       2
       1
       0
       1
       3
       2
       2
       0
       3
       2
       0
       2
       1
       0
       5
       2
       3
       2
       1
       1
       2
       3
       1
       1
       3
       5
       3
       1
       0
       3
       2
       2
       0
       2
       5
       1
       3
       1
       2
       1
       1
       1
       1
       2
       2
       2
       4
       1
       3
       4
       5
       2
       2
       0
       2
       1
       2
       1
       2
       1
       2
       3
       1
       1
       0
       3
       2
       3
       0
       0
       2
       1
       0
       1
       1
       2
       1
       0
       2
       0
       1
       2
       2
       3
       2
       2
       2
       2
       1
       0
       2
       3
       4
       1
       3
       3
       0
       6
       2
       2
       3
       1
       1
       1
       1
       1
       2
       2
       1
       0
       0
       0
       0
       0
       0
       0
       0
       0
       0
       0
       0
       0
       0
       0
       0
       0
       0
       0
       0
       0
       0
       0
       0
       0
       0
       0
       0
       0
       0
       0
       0
       0
       0
       0
       0
       0
       0
       0
       0
       0
       0
       0
       0
       0
       0
       0
       0
       0
       0
$ROI:
2
3 4
6 1022
$PRESETS:
Live Time
240
0
$ENER_FIT:
0.000000 0.000000
$MCA_CAL:
3
0.000000E+000 0.000000E+000 0.000000E+000 
$SHAPE_CAL:
3
0.000000E+000 0.000000E+000 0.000000E+000
