$SPEC_ID:
No sample description was entered.
$SPEC_REM:
DET# 17
DETDESC# WD011-04 Easy-MCA-8k SN 13260151
AP# Maestro Version 7.01
$DATE_MEA:
04/21/2017 15:55:13
$MEAS_TIM:
240 240
$DATA:
0 1023
       0
       0
       0
       0
       0
       0
       0
       0
       0
       0
       0
       0
       0
       2
      12
       2
       6
       6
       8
      13
       6
       6
       6
       8
       9
      10
       5
       5
      18
       5
       9
       8
       9
       6
       9
      14
       3
       5
       9
       6
       4
      10
      12
       6
      11
      16
       7
       8
      10
       9
       8
       7
      17
      10
       8
      14
       9
      23
      14
      12
      17
      17
       7
      11
      18
      12
      15
      10
      12
      14
      17
      15
      12
      12
      17
      10
      10
      15
      15
      15
      18
      18
      22
      18
      17
      24
      24
      22
      24
      19
      41
      32
      42
      40
      45
      53
      49
      56
      50
      62
      51
      50
      48
      51
      34
      36
      41
      37
      43
      36
      39
      43
      36
      44
      36
      38
      35
      43
      46
      28
      32
      29
      41
      24
      44
      36
      24
      30
      31
      29
      43
      32
      37
      31
      30
      44
      45
      47
      40
      33
      46
      36
      37
      33
      43
      35
      35
      45
      33
      36
      40
      35
      30
      43
      42
      41
      43
      38
      38
      39
      47
      48
      43
      43
      36
      29
      44
      40
      44
      38
      41
      39
      40
      35
      39
      47
      36
      37
      31
      41
      40
      37
      42
      41
      46
      39
      48
      41
      38
      33
      39
      43
      38
      32
      35
      42
      39
      47
      42
      51
      41
      36
      41
      26
      46
      36
      35
      32
      38
      35
      46
      41
      30
      37
      39
      47
      43
      46
      52
      54
      38
      46
      46
      50
      34
      50
      41
      52
      50
      42
      50
      47
      53
      32
      43
      49
      48
      42
      37
      34
      32
      31
      29
      31
      49
      26
      32
      36
      27
      24
      24
      25
      28
      28
      17
      29
      23
      20
      19
      23
      17
      17
      22
      29
      17
      30
      16
      19
      12
      21
      15
      13
      22
      14
      15
      13
      12
      15
      20
      18
      15
      11
      22
      14
      15
      19
      13
      16
       8
      23
      13
       9
      20
      15
      13
      13
      13
      13
      12
      14
      10
      13
      13
      19
      15
      10
      12
      14
      22
      11
      10
      11
      12
      14
       8
      10
      11
      13
       8
       8
       6
      11
      14
      11
      11
       8
      10
      12
      10
       6
      12
       8
      10
       7
      14
      13
       8
      11
       8
       7
       8
       7
       9
      11
      11
       9
       9
      12
       4
      16
       9
      11
       6
      13
      12
      10
      10
       6
      10
       6
      11
       6
      11
      11
       5
       7
       7
      10
      11
       6
      10
       9
       5
      10
       6
       5
       8
       4
       7
       8
       8
       9
      12
       8
       9
       7
      10
      10
      10
       8
       6
       6
       7
      10
      12
       6
       6
       9
       7
       4
      10
       6
       8
      12
       4
       2
       4
       5
       6
       4
       4
       7
       8
       7
       8
       8
       8
      10
       3
       3
       8
       5
       9
       7
      12
       6
       6
      10
       6
       5
       5
      10
       3
       1
       6
       9
      14
       6
       9
       8
       5
       4
       5
       2
       7
       9
       2
       4
       7
       1
       3
       9
       4
       2
       2
       6
      12
       8
       5
       3
       5
       6
       8
       0
       3
       4
       6
       7
       6
       2
       4
       1
       2
       7
       7
       5
       8
       7
       5
       7
       1
       5
       1
       3
       4
       4
       3
       5
       3
       4
       9
       3
       1
       6
       4
       4
       4
       6
       4
       3
       4
       5
       7
       4
       5
       3
       3
       7
       6
       5
       1
       8
       1
       6
       1
       4
       5
       5
       5
       4
       5
       8
       5
       3
       6
       3
       5
       7
       4
       4
       3
      10
       8
       6
       5
       3
       4
       6
       6
       6
       7
       6
       4
       1
      10
       7
       5
       5
       7
       2
       1
       3
       3
       5
       6
       5
       1
       4
       5
       5
       6
       3
       3
       4
       3
       5
       3
       4
       6
       2
       3
       6
       5
       6
       6
       4
       2
       5
       3
       5
       6
       6
       7
       0
       2
       4
       1
       2
       3
       8
       1
       7
       4
       2
       1
       7
       5
       4
       6
       5
       8
       1
       4
       5
       4
       1
       1
       1
       4
       4
       5
       6
       3
       2
       2
       2
       1
       3
       2
       5
       2
       9
       7
       0
       3
       3
       5
       2
       3
       4
       4
       8
       1
       2
       6
       3
       1
       2
       1
       2
       3
       2
       5
       7
       2
       2
       4
       3
       7
       6
       2
       3
       2
       2
       2
       3
       2
       1
       3
       0
       3
       3
       1
       2
       2
       0
       2
       5
       1
       2
       3
       4
       2
       0
       4
       1
       1
       1
       5
       1
       4
       6
       2
       2
       2
       2
       4
       3
       2
       2
       6
       6
       6
       4
       3
       2
       3
       4
       3
       5
       5
       4
       4
       5
       1
       5
       2
       8
       4
       1
       0
       1
       7
       5
       1
       4
       2
       4
       1
       4
       5
       5
       3
       1
       2
       3
       2
       3
       1
       3
       0
       1
       3
       4
       5
       1
       5
       1
       3
       6
       3
       2
       2
       0
       1
       3
       5
       3
       2
       5
       3
       4
       2
       3
       4
       1
       0
       2
       6
       7
       1
       3
       3
       2
       1
       2
       2
       1
       5
       2
       2
       2
       6
       2
       0
       2
       0
       7
       3
       4
       4
       2
       6
       3
       1
       2
       0
       4
       5
       5
       2
       3
       2
       3
       1
       4
       2
       0
       3
       2
       2
       4
       3
       2
       1
       6
       2
       2
       2
       1
       2
       1
       3
       3
       2
       3
       1
       3
       0
       1
       4
       1
       1
       1
       3
       0
       4
       3
       3
       2
       4
       2
       4
       5
       3
       3
       0
       2
       0
       4
       2
       5
       2
       0
       1
       0
       2
       1
       1
       4
       2
       3
       5
       2
       1
       1
       1
       2
       0
       2
       7
       2
       0
       1
       0
       3
       3
       1
       1
       2
       1
       4
       2
       1
       0
       3
       0
       3
       1
       1
       0
       1
       3
       4
       3
       0
       0
       1
       2
       1
       0
       2
       1
       1
       2
       0
       2
       0
       1
       1
       3
       1
       3
       0
       2
       1
       4
       5
       3
       4
       1
       4
       2
       1
       2
       2
       2
       1
       2
       0
       3
       1
       2
       0
       2
       0
       3
       3
       2
       0
       0
       0
       2
       0
       1
       1
       1
       3
       2
       1
       1
       4
       0
       0
       3
       1
       3
       1
       2
       2
       5
       0
       1
       3
       3
       1
       0
       0
       1
       1
       1
       2
       1
       2
       2
       3
       0
       1
       2
       1
       0
       3
       2
       1
       0
       0
       0
       0
       0
       0
       0
       0
       0
       0
       0
       0
       0
       0
       0
       0
       0
       0
       0
       0
       0
       0
       0
       0
       0
       0
       0
       0
       0
       0
       0
       0
       0
       0
       0
       0
       0
       0
       0
       0
       0
       0
       0
       0
       0
       0
       0
       0
       0
       0
$ROI:
2
3 4
6 1022
$PRESETS:
Live Time
240
0
$ENER_FIT:
0.000000 0.000000
$MCA_CAL:
3
0.000000E+000 0.000000E+000 0.000000E+000 
$SHAPE_CAL:
3
0.000000E+000 0.000000E+000 0.000000E+000
