$SPEC_ID:
No sample description was entered.
$SPEC_REM:
DET# 17
DETDESC# WD011-04 Easy-MCA-8k SN 13260151
AP# Maestro Version 7.01
$DATE_MEA:
04/21/2017 17:19:51
$MEAS_TIM:
240 240
$DATA:
0 1023
       0
       0
       0
       0
       0
       0
       0
       0
       0
       0
       0
       0
       1
      15
      11
      17
      18
      13
      11
      22
      17
      10
       4
       9
       8
      16
       6
      14
       4
      10
      10
       6
      10
      10
      11
       3
      16
      12
       7
       9
       6
      12
      10
      11
       8
       9
      11
      12
       5
      11
      11
      14
      13
      10
      14
      15
      20
       8
       9
      16
      10
      21
      17
       8
      15
      12
      13
      10
      14
      14
      10
      20
      16
      15
      17
      19
      15
      16
      28
      21
      21
      20
      17
      19
      25
      18
      28
      25
      32
      29
      42
      35
      41
      47
      54
      45
      57
      49
      68
      47
      48
      52
      57
      47
      48
      44
      49
      46
      46
      39
      39
      48
      41
      52
      57
      43
      39
      42
      35
      45
      56
      42
      35
      55
      40
      45
      35
      41
      43
      40
      38
      37
      53
      37
      42
      31
      36
      45
      54
      48
      51
      32
      40
      54
      54
      39
      48
      34
      42
      52
      39
      43
      39
      59
      42
      42
      35
      35
      39
      34
      41
      41
      31
      35
      30
      43
      38
      42
      59
      54
      35
      52
      44
      33
      42
      43
      41
      44
      40
      45
      40
      42
      36
      41
      39
      43
      45
      46
      44
      40
      54
      36
      45
      41
      34
      43
      46
      34
      35
      41
      40
      47
      36
      33
      46
      33
      45
      44
      47
      49
      38
      48
      37
      53
      53
      42
      46
      33
      43
      48
      46
      35
      59
      51
      30
      48
      42
      39
      44
      46
      47
      47
      53
      42
      48
      42
      48
      41
      37
      29
      35
      31
      43
      43
      42
      37
      39
      35
      29
      43
      27
      27
      20
      18
      37
      25
      24
      16
      19
      23
      25
      19
      30
      24
      21
      21
      25
      11
      16
      16
      18
      23
      18
      25
      21
      18
      15
      16
      16
      23
      32
      18
      13
      23
      13
      12
      19
      18
       8
      19
      17
      13
      16
      14
      11
      16
      19
      15
      13
      18
      15
      13
      11
      13
      16
      12
      12
      10
      13
      11
      17
      18
      10
       9
      17
       6
      10
      13
      18
       9
      13
      13
      11
      12
      12
       7
      11
       8
       9
      23
       4
      17
       7
       8
      11
      20
      15
      11
      13
       9
      14
      11
      11
       5
      14
      11
      10
      10
      17
      14
       6
       4
      13
      12
       5
      14
       5
      10
      10
       6
       7
       8
      16
       5
       6
      11
      13
      13
      10
       8
       6
       6
       7
       9
       9
       5
       3
       9
       7
       9
      11
       3
       7
       7
       7
      11
       4
       6
       7
       4
       7
       6
       5
      12
       9
       6
      12
       7
       6
       4
       6
       7
       9
      12
       6
       9
       7
       9
       4
       5
       5
      12
       7
       8
       7
      12
       9
       8
       7
       9
       8
      12
       8
       8
       9
       7
       6
       8
       6
       9
       5
       9
       5
       3
       8
       2
       5
       8
       6
       2
       4
       4
       5
       5
       9
       5
       6
       8
       9
       8
       4
       3
       4
      10
       4
       8
       1
       9
       8
       7
      10
       4
       3
       8
       6
       5
       9
       5
       8
       9
       4
       6
       5
       7
       7
       8
       3
       3
       3
       2
       7
       3
       2
       3
       2
       6
       5
       3
       2
       3
       6
       5
       4
       4
       5
       3
       4
       9
       3
       8
       4
       6
       2
       4
       2
       6
       6
       7
       6
       6
       3
       4
       7
       5
       4
       4
       2
       8
       8
       7
      11
       4
       9
       8
       2
       4
       9
       7
       3
       4
       2
       9
       4
       4
       7
       4
       3
       5
       4
       4
       7
       3
       4
       2
       4
       3
       3
       3
       3
       3
       7
       3
       4
       4
       5
       7
       2
       5
       4
       3
       3
       4
       3
       6
       3
       1
       1
       7
       5
       2
       2
       4
       3
       5
       1
       6
       1
       3
       3
       4
       3
       5
       6
       2
       5
       0
       3
       4
       5
       4
       1
       3
       1
       3
       4
       5
       1
       3
       2
       6
       3
       6
       2
       8
       5
       3
       4
       6
       3
       4
       2
       4
       5
       3
       2
       4
       7
       3
       7
       7
       4
       3
       0
       5
       3
       1
       1
       5
       6
       4
       4
       4
       4
       1
       3
       2
       5
       3
       4
      10
       2
       1
       2
       2
       4
       6
       4
       3
       3
       3
       1
       1
       1
       2
       2
       3
       3
       5
       3
       5
       3
       0
       3
       1
       4
       1
       5
       3
       1
       1
       1
       3
       6
       4
       3
       2
       9
       7
       1
       3
       6
       3
       4
       4
       4
       4
       4
       2
       2
       2
       1
       0
       4
       5
       2
       3
       3
       3
       2
       2
       3
       3
       5
       2
       5
       3
       5
       2
       4
       0
       3
       4
       2
       7
       2
       7
       6
       1
       5
       3
       2
       5
       1
       5
       3
       4
       2
       2
       1
       3
       1
       4
       4
       5
       1
       1
       3
       3
       1
       2
       1
       3
       5
       4
       1
       1
       3
       1
       5
       5
       0
       2
       1
       2
       3
       3
       1
       2
       3
       5
       2
       3
       4
       1
       0
       0
       8
       2
       2
       5
       5
       1
       1
       3
       2
       4
       3
       6
       1
       2
       6
       1
       2
       4
       2
       3
       3
       1
       3
       5
       2
       3
       4
       4
       0
       3
       2
       5
       4
       3
       0
       1
       0
       4
       2
       1
       1
       2
       1
       3
       1
       1
       2
       2
       2
       4
       3
       1
       0
       3
       4
       2
       2
       0
       1
       1
       3
       1
       0
       0
       5
       4
       2
       2
       1
       0
       0
       0
       4
       2
       1
       0
       2
       0
       0
       4
       3
       2
       3
       5
       3
       4
       3
       5
       4
       1
       2
       2
       0
       0
       1
       3
       2
       0
       0
       5
       0
       0
       2
       2
       0
       2
       2
       1
       1
       0
       4
       0
       0
       2
       0
       3
       2
       1
       1
       4
       1
       1
       3
       2
       3
       3
       0
       0
       2
       2
       0
       2
       1
       1
       1
       1
       1
       1
       1
       2
       1
       0
       1
       0
       1
       4
       2
       2
       2
       1
       3
       1
       2
       2
       2
       3
       2
       4
       3
       1
       2
       0
       2
       3
       1
       1
       2
       1
       1
       0
       1
       2
       2
       0
       1
       1
       0
       2
       1
       2
       1
       4
       2
       2
       2
       4
       1
       1
       2
       0
       0
       1
       2
       3
       2
       1
       0
       1
       1
       1
       8
       2
       2
       0
       1
       0
       4
       1
       0
       0
       0
       0
       0
       0
       0
       0
       0
       0
       0
       0
       0
       0
       0
       0
       0
       0
       0
       0
       0
       0
       0
       0
       0
       0
       0
       0
       0
       0
       0
       0
       0
       0
       0
       0
       0
       0
       0
       0
       0
       0
       0
       0
       0
       0
       0
       0
       0
       0
$ROI:
2
3 4
6 1022
$PRESETS:
Live Time
240
0
$ENER_FIT:
0.000000 0.000000
$MCA_CAL:
3
0.000000E+000 0.000000E+000 0.000000E+000 
$SHAPE_CAL:
3
0.000000E+000 0.000000E+000 0.000000E+000
