$SPEC_ID:
No sample description was entered.
$SPEC_REM:
DET# 17
DETDESC# WD011-04 Easy-MCA-8k SN 13260151
AP# Maestro Version 7.01
$DATE_MEA:
04/21/2017 16:20:21
$MEAS_TIM:
240 240
$DATA:
0 1023
       0
       0
       0
       0
       0
       0
       0
       0
       0
       0
       0
       0
       0
       1
       7
       7
       4
       8
      11
      14
       6
       6
       8
      11
       6
       6
       5
       7
       8
      10
       9
       8
       5
       7
       2
       8
       7
       9
      13
       9
      11
       8
      18
      12
       6
       7
       9
      13
      13
      20
       9
      15
      13
      15
      11
      10
      11
      11
      16
      14
       9
      17
      12
      14
      11
      15
       3
      14
      16
      15
      17
      16
      12
      17
      14
      14
      21
      20
      22
      13
      26
      17
      22
      18
      11
      18
      31
      32
      28
      29
      36
      36
      44
      45
      42
      46
      53
      41
      55
      58
      49
      66
      43
      35
      54
      40
      53
      40
      41
      39
      35
      48
      48
      35
      57
      47
      36
      46
      35
      51
      27
      39
      37
      43
      48
      36
      38
      49
      41
      30
      40
      37
      44
      37
      47
      38
      28
      34
      52
      41
      30
      48
      54
      45
      43
      31
      47
      41
      41
      35
      54
      45
      36
      29
      41
      37
      45
      44
      36
      37
      33
      36
      53
      59
      35
      45
      47
      42
      49
      39
      37
      37
      45
      32
      55
      46
      41
      42
      38
      38
      51
      42
      41
      35
      49
      44
      41
      43
      34
      36
      30
      53
      31
      28
      45
      52
      43
      46
      36
      48
      32
      50
      47
      36
      40
      48
      38
      43
      29
      45
      40
      39
      62
      43
      35
      43
      46
      31
      49
      41
      38
      42
      44
      31
      41
      37
      51
      42
      33
      49
      44
      46
      52
      44
      55
      59
      59
      44
      44
      47
      35
      45
      38
      30
      31
      43
      38
      48
      27
      33
      29
      31
      25
      21
      21
      24
      24
      25
      20
      23
      19
      20
      13
      15
      16
      17
      11
      22
      26
      20
      19
      19
      18
      17
      14
      22
      12
      21
      18
      21
      23
      16
      17
      11
      21
      22
      17
      25
      21
      19
      16
       6
      16
      17
      12
      19
      16
      15
      15
      10
      17
      20
      14
      14
      15
      15
      19
       7
      15
      12
      12
      17
      17
      14
      17
       8
       6
      13
      10
      18
      14
      10
       6
      10
      15
      14
       9
      13
      11
      14
      11
      13
      15
       9
      13
       9
      14
      13
      12
       9
      11
       8
      12
       9
       9
      14
      13
       9
       7
      10
       7
      11
       5
      18
       9
       7
      18
       7
      13
      10
       8
       9
      12
      15
      14
      11
       7
       8
       6
      10
       8
       9
      16
      13
      11
      12
      13
      10
       6
      12
       7
      12
       4
       5
       4
       6
       9
       7
       8
       4
       9
      12
       9
      14
      10
      11
       5
       7
       8
       7
       6
       8
      13
       2
      10
       6
       5
       3
      10
       7
      11
      11
      13
       7
       9
       5
       7
       9
      11
       3
       4
       8
       6
       3
       7
      11
       2
       7
      10
      13
       6
       2
       9
       9
       9
       7
       6
       8
      11
      10
       8
      10
       6
       7
       7
       6
       7
       3
       5
      10
       3
      12
       4
       4
       5
       3
       3
       5
       7
       2
       0
       1
       5
       6
       7
       8
       7
      10
       6
       1
       6
       5
       6
       7
       4
       6
       7
       7
       3
       8
       4
       3
       4
       6
       7
       7
       8
       4
       6
       6
       9
       9
       7
       7
       8
       9
       7
       7
       8
       3
       3
       6
       7
       6
       9
       3
       4
      10
       6
       5
       0
       6
       2
       3
       8
       6
       7
       4
       5
       5
       7
       4
       6
       2
       4
       4
       4
       3
       7
       5
       4
       3
       6
       1
       5
       8
       5
       2
       4
       8
       5
       1
       2
       5
       4
       2
       1
       5
       3
       3
       5
       4
       4
       4
       4
       5
       2
       4
       1
       7
       6
       4
       2
       2
       5
       7
       6
       5
       5
       0
       4
       6
       7
       2
       7
       5
       6
       0
       4
       7
       2
       2
       5
       8
       9
       5
       8
       9
       7
       7
       3
       2
       3
       5
       6
       3
       9
       4
       4
       5
       3
       4
       8
       1
       6
       4
       3
       3
       4
       3
       9
       5
       6
       3
       4
       1
       3
       7
       2
       8
       3
       3
       1
       4
       2
       2
       4
       4
       8
       5
       6
       3
       5
       2
       3
       2
       0
       5
       2
       4
       3
       4
       4
       4
       4
       7
       4
       2
       2
       3
       8
       4
       2
       4
       5
       3
       3
       4
       1
       0
       6
       3
       3
       3
       3
       3
       1
       2
       2
       1
       1
       4
       5
       4
       2
       3
       4
       2
       3
       1
       6
       3
       3
       2
       4
       5
       3
       4
      10
       0
       4
       5
       5
       2
       4
       8
       2
       3
       2
       3
       2
       4
       4
       4
       1
       2
       1
       7
       3
       4
       1
       4
       9
      10
       1
       4
       4
       2
       3
       1
       6
       4
       2
       3
       2
       2
       0
       2
       1
       4
       2
       3
       6
       4
       1
       3
       2
       3
       3
       4
       2
       2
       5
       3
       4
       3
       2
       4
       4
       2
       1
       1
       3
       2
       0
       3
       2
       0
       2
       4
       3
       0
       2
       3
       4
       3
       3
       1
       2
       1
       3
       1
       3
       3
       1
       3
       4
       8
       4
       6
       4
       3
       2
       4
       0
       1
       3
       3
       3
       1
       4
       2
       2
       2
       3
       3
       3
       6
       2
       2
       2
       1
       2
       2
       1
       1
       3
       0
       0
       0
       1
       1
       3
       1
       0
       6
       2
       0
       1
       0
       2
       0
       2
       2
       1
       3
       1
       2
       1
       1
       1
       1
       3
       2
       0
       1
       2
       3
       1
       3
       0
       2
       0
       2
       2
       1
       1
       3
       0
       2
       2
       0
       0
       0
       2
       0
       1
       1
       0
       1
       1
       2
       4
       0
       1
       0
       2
       3
       0
       0
       5
       3
       1
       2
       2
       1
       2
       0
       1
       1
       4
       2
       3
       2
       1
       2
       3
       4
       0
       3
       0
       2
       2
       1
       2
       5
       2
       2
       3
       4
       3
       2
       2
       0
       1
       3
       2
       1
       1
       3
       0
       3
       5
       2
       2
       5
       2
       2
       2
       2
       1
       3
       2
       2
       1
       2
       1
       2
       2
       3
       0
       3
       1
       0
       1
       0
       2
       2
       0
       1
       4
       1
       2
       0
       1
       1
       2
       1
       1
       0
       0
       1
       2
       1
       1
       1
       4
       2
       4
       2
       1
       2
       1
       2
       2
       2
       0
       2
       2
       2
       3
       1
       1
       2
       0
       0
       0
       0
       0
       0
       0
       0
       0
       0
       0
       0
       0
       0
       0
       0
       0
       0
       0
       0
       0
       0
       0
       0
       0
       0
       0
       0
       0
       0
       0
       0
       0
       0
       0
       0
       0
       0
       0
       0
       0
       0
       0
       0
       0
       0
       0
       0
       0
       0
$ROI:
2
3 4
6 1022
$PRESETS:
Live Time
240
0
$ENER_FIT:
0.000000 0.000000
$MCA_CAL:
3
0.000000E+000 0.000000E+000 0.000000E+000 
$SHAPE_CAL:
3
0.000000E+000 0.000000E+000 0.000000E+000
