$SPEC_ID:
No sample description was entered.
$SPEC_REM:
DET# 17
DETDESC# WD011-04 Easy-MCA-8k SN 13260151
AP# Maestro Version 7.01
$DATE_MEA:
04/21/2017 16:26:17
$MEAS_TIM:
240 240
$DATA:
0 1023
       0
       0
       0
       0
       0
       0
       0
       0
       0
       0
       0
       0
       0
      14
      18
      19
      19
      17
      20
      10
      10
      15
      15
      12
      14
      13
      13
      14
      10
      12
      14
       9
       9
      10
      13
      11
       6
      15
      11
      18
      11
      10
       4
      11
       9
      12
      13
       8
       6
      16
      11
      10
      11
      10
      13
      12
      14
      14
      16
      16
      10
      15
       8
      10
      15
      14
      15
      13
       9
      13
      17
      10
      19
      16
      13
      19
      17
      17
      22
      14
      21
      26
      18
      25
      16
      37
      28
      24
      36
      27
      27
      32
      39
      46
      49
      62
      57
      51
      58
      55
      58
      63
      58
      42
      43
      54
      30
      35
      43
      39
      48
      43
      39
      38
      44
      50
      54
      47
      41
      51
      41
      36
      34
      42
      33
      47
      32
      34
      35
      35
      40
      38
      35
      43
      32
      42
      39
      49
      43
      37
      39
      49
      43
      45
      41
      39
      33
      32
      48
      35
      42
      45
      53
      46
      35
      38
      48
      46
      37
      48
      45
      44
      37
      46
      37
      41
      43
      43
      39
      37
      45
      43
      34
      44
      51
      38
      36
      37
      50
      30
      41
      37
      36
      46
      34
      32
      44
      50
      51
      35
      37
      36
      42
      37
      40
      51
      55
      48
      43
      36
      44
      42
      41
      29
      30
      39
      33
      35
      46
      52
      32
      39
      46
      38
      44
      46
      50
      48
      43
      45
      47
      54
      44
      56
      42
      44
      53
      55
      46
      38
      51
      45
      35
      46
      33
      44
      40
      47
      52
      42
      38
      37
      36
      27
      34
      20
      36
      39
      29
      31
      28
      39
      23
      34
      26
      30
      28
      23
      19
      25
      21
      23
      17
      24
      25
      22
      15
      13
      19
      21
      22
      13
      27
      15
      20
      14
      18
      16
      20
      18
      19
      18
      24
      20
      17
      20
      16
      19
      19
      12
      17
      15
      12
      11
      26
      10
      17
      24
      14
      21
      13
      15
      14
      16
      14
      14
      12
      22
      12
      21
      17
      11
      17
      18
       4
      14
      19
      15
      15
      12
      20
      12
      16
      13
      11
       5
      15
      15
      11
       9
       8
       9
      17
      15
       8
      13
      12
       8
      14
      20
       8
      10
       9
       9
      11
      13
       9
      10
      18
       9
      10
       6
       3
      11
      11
      15
       8
      11
      11
      12
       8
      17
       6
      17
       8
       9
       5
       7
       9
       6
       6
      11
       7
       3
       4
       5
      10
       7
       8
      11
      10
       9
       7
       7
       9
      17
       6
       8
       4
       9
       9
      11
      12
       6
       9
       4
      11
       8
      10
       9
       5
      11
       4
       3
       6
       6
       6
       5
      11
      12
      12
      11
       6
       6
      11
       9
      11
       7
       9
       5
       8
       5
       7
       8
       5
       6
       3
       3
      13
      10
       4
       5
      12
       6
       4
       9
       5
       7
       7
       9
       4
       4
       5
       6
       5
       5
      12
       4
       8
       6
       6
       5
      10
      13
       8
       4
       5
       5
       6
       8
      11
       4
       4
       9
       6
       3
       7
       9
       2
       5
       5
       2
       4
       5
       7
       4
       7
       5
       6
       2
       4
       3
       5
       5
       5
       9
       4
       6
       3
       4
       7
       3
       3
       4
       6
       3
       8
       5
       3
       6
       6
       7
       7
       5
       9
       4
       4
       3
       9
       6
       2
       8
       5
       8
       2
       5
       3
       3
       6
       2
      10
       5
       4
       6
       2
       9
       4
       6
       4
       8
       6
       7
       2
       5
       3
       1
       5
       3
       5
       3
       5
       6
       3
       3
       4
       3
       5
       4
       5
       4
       4
       8
       3
       4
       4
       4
       4
       6
       4
       7
       2
       7
       9
       2
       5
       3
       1
       6
       4
       4
       5
       2
       4
       4
       5
       7
       3
       8
       7
       6
       2
       2
       5
       9
       3
       5
       3
       6
       9
       1
       6
       8
       2
       6
       7
       4
       2
       5
       3
       2
       2
       5
       5
       3
       3
       2
       3
       3
       4
       6
       1
       4
       3
       6
       7
       4
       4
       4
       1
       1
       4
       5
       5
       3
       4
       8
       6
       3
       4
       5
       5
       2
       4
       4
       2
       0
       2
       4
       2
       4
       3
       6
       6
       2
       3
       4
       7
       6
       3
       0
       4
       7
       3
       4
       3
       1
       5
       2
       3
       4
       3
       3
       4
       5
       3
       1
       2
       1
       2
       5
       2
       4
       3
       1
       3
       1
       3
       3
       2
       4
       2
       2
       5
       2
       2
       5
       2
       5
       3
       4
       1
       3
       6
       4
       5
       2
       1
       4
       6
       2
       3
       6
       3
       2
       0
       3
       5
       0
       6
       2
       3
       3
       2
       1
       3
       1
       3
       4
       6
       2
       1
       4
       1
       4
       4
       2
       1
       3
       2
       1
       1
       2
       3
       1
       2
       2
       5
       4
       5
       5
       3
       1
       3
       2
       2
       3
       5
       0
       5
       0
       1
       4
       4
       4
       1
       2
       3
       1
       3
       2
       1
       3
       4
       1
       4
       4
       2
       1
       2
       4
       3
       3
       2
       1
       4
       3
       0
       2
       3
       3
       1
       2
       2
       4
       0
       2
       3
       4
       2
       4
       3
       3
       3
       2
       1
       4
       6
       3
       1
       1
       2
       5
       5
       1
       0
       3
       2
       3
       3
       3
       3
       3
       0
       2
       4
       0
       3
       4
       2
       1
       3
       2
       0
       1
       2
       3
       0
       2
       3
       2
       1
       4
       2
       3
       4
       1
       3
       4
       2
       6
       2
       1
       1
       1
       3
       0
       0
       3
       2
       1
       3
       2
       2
       1
       2
       2
       2
       2
       4
       3
       2
       3
       0
       1
       1
       2
       0
       1
       3
       0
       2
       1
       1
       0
       4
       5
       3
       3
       4
       1
       2
       3
       0
       3
       4
       3
       1
       3
       0
       1
       1
       2
       1
       1
       1
       2
       1
       1
       3
       5
       2
       2
       2
       3
       1
       2
       2
       5
       2
       1
       2
       1
       1
       2
       0
       1
       0
       3
       1
       1
       3
       3
       3
       2
       1
       4
       1
       3
       1
       3
       2
       2
       2
       0
       1
       2
       3
       0
       3
       1
       1
       0
       3
       0
       0
       1
       0
       5
       0
       3
       1
       2
       0
       1
       0
       2
       2
       3
       1
       3
       2
       4
       2
       4
       5
       1
       0
       1
       0
       0
       1
       2
       3
       0
       0
       0
       0
       0
       0
       0
       0
       0
       0
       0
       0
       0
       0
       0
       0
       0
       0
       0
       0
       0
       0
       0
       0
       0
       0
       0
       0
       0
       0
       0
       0
       0
       0
       0
       0
       0
       0
       0
       0
       0
       0
       0
       0
       0
       0
       0
       0
       0
       0
       0
$ROI:
2
3 4
6 1022
$PRESETS:
Live Time
240
0
$ENER_FIT:
0.000000 0.000000
$MCA_CAL:
3
0.000000E+000 0.000000E+000 0.000000E+000 
$SHAPE_CAL:
3
0.000000E+000 0.000000E+000 0.000000E+000
