$SPEC_ID:
No sample description was entered.
$SPEC_REM:
DET# 17
DETDESC# WD011-04 Easy-MCA-8k SN 13260151
AP# Maestro Version 7.01
$DATE_MEA:
04/21/2017 15:39:15
$MEAS_TIM:
240 240
$DATA:
0 1023
       0
       0
       0
       0
       0
       0
       0
       0
       0
       0
       0
       0
       0
       1
       7
       6
       5
      10
       7
       9
       4
       6
      11
       5
       6
       4
       7
       8
      10
      15
       3
       9
       8
       9
      10
       8
      14
       8
      10
      11
       5
      10
      12
       9
       6
       7
      15
      12
      12
       7
      10
      11
       9
      11
       8
      12
      11
      11
      16
      13
      12
      16
      10
      16
      15
      12
      11
      17
      12
      12
      10
       9
      17
      12
      26
      19
      25
      14
      21
      15
      14
      16
      11
      22
      22
      25
      25
      29
      30
      27
      32
      36
      39
      44
      47
      45
      36
      64
      62
      47
      51
      46
      42
      52
      52
      35
      33
      45
      33
      41
      37
      57
      38
      55
      45
      36
      38
      47
      29
      37
      35
      31
      38
      38
      34
      39
      43
      40
      44
      41
      35
      41
      25
      36
      47
      35
      36
      45
      35
      26
      36
      35
      34
      32
      31
      45
      46
      36
      36
      37
      47
      27
      34
      45
      32
      36
      45
      51
      42
      46
      44
      47
      41
      31
      42
      28
      41
      36
      36
      31
      41
      40
      49
      36
      43
      45
      43
      39
      33
      35
      47
      37
      40
      39
      42
      29
      45
      44
      40
      50
      40
      40
      34
      34
      36
      28
      32
      26
      41
      27
      46
      37
      37
      37
      44
      36
      28
      34
      34
      35
      42
      53
      30
      39
      39
      40
      42
      33
      48
      34
      39
      45
      33
      41
      31
      45
      52
      38
      44
      41
      35
      46
      36
      35
      49
      45
      48
      35
      44
      36
      42
      30
      26
      23
      26
      41
      23
      30
      26
      34
      29
      28
      26
      25
      21
      29
      33
      26
      17
      20
      19
      22
      16
      23
      15
      18
      17
      16
      10
      17
      12
      16
      13
       8
      13
      11
      19
      18
      14
      18
      16
      16
      22
      29
      15
      10
      14
       6
      10
      11
      13
      12
      13
      17
      19
      21
      14
      13
      11
       8
      10
      10
      14
      13
      20
      12
      11
      14
      14
      15
      12
       7
      16
      10
       8
      11
       9
      13
      13
      12
       9
       7
      12
      11
       6
      13
      12
       8
       9
      12
       9
      10
      10
       6
       8
       9
       8
      10
       5
       6
       7
      14
      10
       8
      14
       5
       9
      14
      16
      14
       4
       6
       9
       7
       6
      14
       6
      11
       6
      10
       8
       8
       7
       8
       6
       5
      12
      11
       8
       4
       6
      11
       5
      13
       9
       5
       9
       1
      13
       6
       6
      10
       9
       6
       5
       6
       7
       5
       7
       6
       4
       6
      12
       5
       7
       9
       9
       2
       7
      16
       7
      11
       4
      12
       5
      14
      10
       3
       6
       4
       5
      11
       3
       4
       5
       2
      10
       7
       3
       7
       4
       8
       5
       7
       7
       3
       9
       8
       7
      12
       6
       8
       7
       6
      11
       6
      13
       6
       6
       9
       7
       7
      10
      10
       8
      13
       6
       5
       4
       2
       7
       7
       3
       8
       7
       8
       8
       2
       6
      12
       6
       5
       2
       4
       4
       5
       4
       5
       6
       6
       2
       6
       4
       5
       3
       6
       4
       4
       4
       4
       2
       6
       4
       3
       6
       4
       3
       5
       6
       5
       5
       7
       4
       6
       4
       2
       3
       4
       3
       3
       7
       6
       4
       0
       8
       5
       8
       6
       6
       4
       2
       4
       4
       4
       7
       3
       1
       5
       2
       5
       6
       3
       5
       2
       3
      10
       3
       3
       7
       6
       0
       7
       5
       5
       5
       7
       5
       2
       1
       4
       4
       4
       3
       1
       2
       3
       5
       3
       2
       6
       5
       1
       3
       2
       0
       5
       2
       2
       2
       5
       2
       3
       4
       3
       5
       3
       2
       6
       5
       1
       3
       7
       6
       5
       3
       2
       3
       5
       4
       4
       3
       1
       4
       7
       3
       2
       4
       3
       1
       2
       4
       4
       0
       4
       5
       2
       2
       6
       1
       4
       1
       3
       3
       3
       5
       4
       6
       0
       6
       4
       1
       5
       2
       1
       3
       4
       6
       4
       2
       1
       3
       0
       2
       3
       5
       0
       4
       4
       7
       3
       3
       3
       6
       2
       4
       3
      11
       4
       1
       2
       0
       5
       2
       3
       1
       0
       4
       3
       2
       1
       5
       4
       4
       3
       1
       2
       5
       2
       1
       2
       5
       3
       2
       3
       8
       2
       3
       4
       1
       2
       1
       7
       5
       1
       2
       3
       3
       3
       4
       2
       3
       4
       3
       1
       2
       4
       1
       2
       0
       6
       2
       5
       0
       3
       2
       2
       2
       2
       5
       2
       4
       1
       3
       3
       4
       4
       3
       3
       2
       4
       0
       7
       2
       2
       3
       0
       1
       5
       2
       4
       6
       2
       2
       2
       3
       3
       3
       2
       3
       4
       5
       3
       2
       5
       4
       2
       5
       1
       2
       3
       2
       5
       1
       2
       1
       0
       5
       4
       1
       5
       3
       2
       2
       4
       3
       5
       1
       2
       3
       3
       3
       4
       2
       3
       2
       2
       2
       1
       0
       4
       3
       4
       4
       0
       2
       2
       0
       0
       3
       0
       3
       3
       2
       2
       2
       1
       2
       1
       3
       2
       5
       1
       0
       3
       1
       2
       2
       1
       4
       2
       3
       2
       2
       2
       1
       3
       2
       0
       3
       1
       1
       1
       2
       2
       5
       4
       1
       1
       2
       1
       2
       0
       3
       2
       1
       0
       2
       3
       1
       1
       0
       4
       2
       4
       4
       1
       0
       3
       3
       1
       2
       3
       3
       1
       0
       3
       1
       2
       2
       3
       2
       4
       0
       2
       4
       0
       3
       2
       1
       3
       1
       2
       0
       1
       1
       1
       3
       0
       0
       2
       1
       5
       1
       3
       4
       4
       2
       1
       5
       2
       2
       0
       1
       1
       1
       2
       1
       6
       2
       0
       1
       2
       2
       3
       1
       0
       3
       3
       3
       4
       1
       1
       1
       3
       1
       2
       3
       1
       6
       0
       3
       2
       1
       3
       1
       1
       2
       0
       0
       1
       2
       3
       1
       0
       1
       0
       3
       1
       0
       3
       3
       2
       5
       2
       2
       2
       4
       5
       1
       0
       1
       3
       3
       1
       0
       0
       2
       0
       1
       0
       3
       5
       0
       0
       0
       1
       2
       0
       1
       1
       1
       0
       4
       3
       2
       2
       1
       2
       3
       2
       1
       1
       1
       1
       0
       0
       0
       0
       0
       0
       0
       0
       0
       0
       0
       0
       0
       0
       0
       0
       0
       0
       0
       0
       0
       0
       0
       0
       0
       0
       0
       0
       0
       0
       0
       0
       0
       0
       0
       0
       0
       0
       0
       0
       0
       0
       0
       0
       0
       0
       0
       0
       0
       0
$ROI:
2
3 4
6 1022
$PRESETS:
Live Time
240
0
$ENER_FIT:
0.000000 0.000000
$MCA_CAL:
3
0.000000E+000 0.000000E+000 0.000000E+000 
$SHAPE_CAL:
3
0.000000E+000 0.000000E+000 0.000000E+000
