$SPEC_ID:
No sample description was entered.
$SPEC_REM:
DET# 17
DETDESC# WD011-04 Easy-MCA-8k SN 13260151
AP# Maestro Version 7.01
$DATE_MEA:
04/21/2017 16:44:33
$MEAS_TIM:
240 240
$DATA:
0 1023
       0
       0
       0
       0
       0
       0
       0
       0
       0
       0
       0
       0
       0
       1
       5
       9
      10
       5
       7
       8
       4
      10
      10
       6
      12
      12
       7
       8
       7
      13
       9
       9
       9
       9
      10
      10
       5
       9
       9
       9
       8
      12
       9
      12
       4
      10
      12
       9
       9
       8
       9
      18
      12
      18
       9
      12
      13
      11
      15
      19
      12
      19
      18
      11
      14
      12
       4
      18
      13
      21
      14
      13
      22
      13
      28
      10
      16
      27
      15
      14
      21
      26
      16
      28
      26
      44
      36
      28
      23
      35
      25
      35
      45
      42
      48
      51
      52
      54
      40
      70
      62
      57
      54
      45
      44
      66
      60
      45
      41
      50
      51
      40
      43
      44
      42
      44
      42
      41
      44
      48
      36
      36
      30
      42
      45
      41
      37
      40
      40
      39
      37
      36
      44
      47
      46
      35
      46
      30
      37
      39
      42
      34
      42
      37
      47
      53
      47
      50
      39
      46
      45
      38
      36
      39
      42
      37
      46
      41
      39
      47
      39
      39
      43
      55
      31
      56
      42
      43
      29
      43
      37
      38
      43
      40
      46
      41
      46
      46
      34
      43
      38
      30
      42
      42
      25
      28
      38
      35
      48
      45
      32
      49
      47
      43
      39
      41
      48
      39
      42
      40
      37
      42
      35
      50
      53
      35
      31
      39
      29
      44
      45
      38
      41
      49
      40
      55
      49
      46
      47
      45
      47
      45
      55
      34
      54
      39
      39
      54
      45
      44
      47
      47
      40
      39
      55
      37
      38
      43
      42
      61
      50
      38
      48
      36
      32
      37
      24
      31
      32
      30
      23
      30
      19
      33
      29
      15
      17
      28
      29
      17
      24
      16
      19
      20
      18
      22
      22
      22
      18
      20
      24
      17
      11
      13
      21
      17
      20
      21
      18
      12
      20
      20
      23
      13
      11
      15
      18
      17
      16
      18
      12
      20
      23
      13
      18
      16
      21
      18
      11
      19
      10
       8
      12
      16
      13
      15
      16
      16
      13
      19
      16
      14
      14
       8
      13
      12
      11
       9
      14
      11
      10
      13
       8
       9
       8
      14
      16
      10
      17
       8
      13
       8
       9
      12
      16
      14
       7
      11
      13
      11
      11
       7
       8
      15
      11
      13
       8
      11
      11
      15
      13
       9
      10
      12
      13
      14
       8
      10
       6
       9
       8
      11
       8
       6
      14
       4
      11
      12
      13
       6
       7
      10
       5
      10
       8
       6
       7
      12
       9
       7
       7
      11
      12
       8
      10
      11
       7
       8
       3
      14
       5
       9
       4
       4
       6
       8
      12
       4
       5
       7
      12
       3
       6
      10
       7
       1
       5
       9
       6
      13
       8
       9
      11
       5
       9
       4
       3
       9
       7
       8
       7
       6
      11
       7
       6
      11
       4
       6
       4
      11
       8
       6
      12
       5
       4
       9
       5
       3
       5
       6
       7
       6
      14
       8
       6
       3
       4
       7
       7
      10
       6
       8
       3
       5
       5
       5
       2
       7
       3
       4
       7
       8
       7
       5
       4
       4
       5
       7
       0
       7
       7
       4
      11
       8
       3
       7
       4
       4
       5
       7
       3
       6
       8
       5
       6
       5
       5
       1
       6
       2
       8
       2
       3
       7
       7
       4
       4
       4
       5
       6
       4
       3
       7
       8
       3
       3
       5
       2
       6
       4
       4
       4
       5
       3
       4
       5
       2
       6
       3
       5
       5
       8
       5
       5
       8
       7
       5
       8
       7
       1
       2
       4
       0
       3
      11
       4
       4
       7
       5
       2
       3
       7
       4
       3
       5
       1
       4
       4
       2
       3
       4
       7
       3
       3
       8
       0
       2
       3
       5
       8
       3
       2
       4
       4
       4
       4
       6
       5
       3
       2
       4
       2
       2
       3
       4
       0
       3
       4
       8
       1
       4
       3
       4
       4
       7
       6
       2
       3
       2
       3
       2
       5
       6
       6
       3
       4
      13
       4
       4
      10
       3
       5
       3
       4
       8
       5
       4
       5
       2
       8
       2
       3
       2
       1
       1
       1
       2
       4
       5
       7
       3
       2
       6
       4
       2
       3
       1
       7
       3
       5
       7
       5
       8
       4
       4
       3
       0
       4
       2
       4
       5
       3
       2
       2
       4
       5
       4
       5
       1
       3
       2
       5
       2
       6
       4
       3
       3
       2
       4
       4
       2
       3
       0
       6
       1
       4
       3
       7
       2
       2
       2
       3
       2
       3
       3
       2
       3
       3
       2
       6
       7
       2
       6
       4
       5
       6
       2
       1
       3
       1
       2
       3
       0
       2
       5
       7
       3
       4
       5
       1
       4
       3
       4
       5
       1
       5
       1
       2
       0
       1
       6
       4
       4
       3
       0
       2
       5
       4
       6
       2
       5
       1
       5
       3
       3
       1
       3
       1
       3
       5
       1
       2
       4
       5
       5
       4
       3
       0
       3
       0
       4
       2
       4
       4
       6
       3
       2
       0
       3
       4
       1
       1
       2
       0
       4
       5
       3
       2
       3
       2
       1
       3
       4
       3
       4
       3
       4
       1
       0
       2
       4
       2
       2
       2
       2
       2
       2
       1
       5
       3
       5
       8
       4
       2
       3
       2
       1
       4
       3
       4
       3
       7
       1
       3
       1
       4
       2
       5
       3
       5
       6
       2
       1
       3
       2
       1
       1
       1
       3
       2
       1
       2
       2
       3
       1
       2
       5
       3
       2
       3
       1
       2
       2
       3
       0
       2
       3
       6
       4
       3
       2
       2
       0
       0
       3
       1
       1
       1
       2
       1
       2
       4
       3
       3
       2
       1
       1
       0
       2
       3
       1
       3
       1
       1
       3
       1
       0
       1
       1
       3
       3
       2
       3
       0
       0
       2
       1
       2
       0
       2
       3
       0
       3
       1
       0
       3
       1
       1
       1
       0
       3
       0
       3
       0
       2
       1
       2
       2
       3
       1
       4
       3
       2
       4
       1
       0
       2
       1
       1
       1
       1
       0
       1
       0
       0
       3
       3
       3
       0
       2
       5
       0
       0
       0
       2
       2
       1
       4
       4
       0
       3
       2
       5
       1
       3
       5
       1
       1
       0
       0
       1
       3
       2
       1
       4
       0
       2
       0
       1
       0
       2
       0
       0
       1
       0
       1
       2
       1
       5
       0
       0
       2
       0
       1
       0
       1
       3
       1
       1
       2
       0
       3
       1
       2
       1
       1
       0
       1
       1
       1
       3
       1
       0
       2
       0
       0
       0
       0
       0
       0
       0
       0
       0
       0
       0
       0
       0
       0
       0
       0
       0
       0
       0
       0
       0
       0
       0
       0
       0
       0
       0
       0
       0
       0
       0
       0
       0
       0
       0
       0
       0
       0
       0
       0
       0
       0
       0
       0
       0
       0
       0
       0
       0
       0
$ROI:
2
3 4
6 1022
$PRESETS:
Live Time
240
0
$ENER_FIT:
0.000000 0.000000
$MCA_CAL:
3
0.000000E+000 0.000000E+000 0.000000E+000 
$SHAPE_CAL:
3
0.000000E+000 0.000000E+000 0.000000E+000
