$SPEC_ID:
No sample description was entered.
$SPEC_REM:
DET# 17
DETDESC# WD011-04 Easy-MCA-8k SN 13260151
AP# Maestro Version 7.01
$DATE_MEA:
04/21/2017 17:26:13
$MEAS_TIM:
240 240
$DATA:
0 1023
       0
       0
       0
       0
       0
       0
       0
       0
       0
       0
       0
       0
       1
      15
      55
      31
      26
      15
      28
      38
      34
      39
      34
      18
      23
      26
      21
      17
      15
      16
      12
      14
       7
      14
       7
       6
      10
      11
       5
       6
      10
       8
      12
      13
      10
      16
       8
       9
      11
       7
      13
      10
       8
       8
       9
      13
      11
      11
      13
      14
      12
      11
      13
      17
      11
      12
      13
      13
      16
       9
      15
       9
      17
      26
      23
      20
      28
      26
      23
      19
      18
      23
      26
      24
      21
      26
      31
      32
      28
      39
      34
      32
      43
      45
      42
      54
      70
      49
      48
      50
      50
      50
      51
      41
      51
      53
      40
      31
      43
      35
      46
      58
      49
      41
      54
      38
      41
      30
      44
      31
      38
      36
      39
      32
      46
      40
      46
      35
      44
      36
      34
      35
      50
      37
      29
      29
      38
      41
      45
      40
      35
      39
      38
      33
      36
      44
      38
      54
      52
      32
      39
      32
      36
      40
      43
      44
      44
      36
      38
      30
      54
      47
      34
      51
      42
      47
      40
      34
      33
      38
      48
      41
      36
      47
      25
      40
      29
      50
      46
      42
      43
      42
      35
      32
      52
      46
      56
      51
      50
      38
      39
      46
      29
      34
      34
      41
      39
      41
      27
      41
      45
      47
      45
      33
      43
      36
      38
      51
      32
      48
      46
      48
      41
      46
      40
      42
      43
      54
      43
      48
      45
      49
      47
      40
      40
      47
      58
      48
      51
      50
      52
      49
      62
      48
      27
      39
      42
      45
      46
      38
      45
      32
      35
      36
      35
      32
      34
      30
      34
      32
      25
      30
      34
      26
      29
      30
      28
      33
      19
      23
      24
      25
      27
      25
      19
      23
      20
      24
      27
      18
      17
      27
      23
      13
      20
      11
      11
      22
      26
      14
       9
      18
      18
      17
      17
      14
      23
      16
      15
      20
      11
      20
      19
      20
      15
      13
      21
      14
      14
      18
      17
       9
      20
      13
      17
      11
      15
      10
      10
      11
      14
      13
      16
       9
      15
      16
      12
      15
      10
      12
      17
      16
      13
      11
      13
      17
      13
      16
      11
       8
      12
      11
      20
      13
       5
      11
       7
      11
       9
       9
      10
       6
      15
       8
      10
       7
       7
       8
      13
       6
       7
       6
       8
       4
       8
       9
      14
      12
       9
       9
       6
       6
      13
      11
      14
       7
       8
       7
      11
       9
      12
       8
       9
      12
      10
       8
       9
       6
       4
      11
      13
       8
       6
       8
       7
      13
       7
      12
       8
       6
       9
      10
      10
      10
      13
       9
       2
       6
       8
       8
      10
       3
       9
      14
      11
       7
       7
       7
       4
       9
       3
      10
       9
       7
       4
       9
       4
       4
      12
       3
       9
      13
       8
       7
      11
      13
       7
       6
       6
       8
      10
       3
       5
       7
       9
       9
       8
       6
       3
      11
      12
       6
       8
       6
       3
      10
       8
       7
       4
       1
       6
       4
       3
       5
       9
       8
       4
       7
       7
       8
       8
       4
       6
       3
       8
       1
       5
       5
       6
       4
       8
       2
       3
       4
       6
       6
       5
       8
       8
       7
       4
       3
       3
       7
       8
       2
       4
       6
       4
       4
       6
       3
       8
       7
       4
       8
       2
       4
       5
       6
       8
       4
       4
       7
       2
       4
       5
       4
       7
       4
       4
       4
       4
       6
       6
       8
       6
       4
       7
       4
       7
       3
       3
       4
       7
       1
       7
       2
       4
       5
       2
       4
       9
       5
       3
       3
       7
       4
       4
       5
       3
       8
       4
       5
       4
       5
       4
       3
       1
       5
       3
       0
       3
       1
       6
       5
       3
       5
       5
       6
       8
       4
       7
       4
       7
       6
       5
       4
       6
       6
       6
       4
       7
       5
       1
       7
       5
       2
       1
       3
       7
       6
       9
       5
       4
       2
       4
       0
       5
      10
       3
       7
       4
       4
       3
       4
       4
       7
       2
       1
       5
       3
       5
       2
       5
       4
       3
       7
       7
       5
       5
       5
       6
       3
       5
       6
       6
       6
       5
       2
       4
       4
       5
       4
       1
       4
       5
       3
       4
       1
       2
       2
       5
       5
       5
       4
       2
       4
       2
       2
       1
       3
       5
       5
       2
       3
       3
       2
       0
       3
       7
       4
       5
       2
       6
       2
       0
       4
       4
       2
       2
       6
       4
       4
       5
       1
       5
       3
       3
       7
       3
       2
       6
       0
       3
       5
       9
       9
       2
       0
       0
       2
       5
       2
       4
       5
       4
       3
       3
       5
       2
       5
       3
       2
       1
       2
       3
       5
       2
       5
       4
       3
       4
       2
       3
       0
       5
       2
       3
       3
       2
       3
       4
       5
       4
       2
       3
       5
       3
       3
       5
       2
       3
       1
       2
       2
       1
       4
       2
       4
       2
       4
       1
       3
       3
       1
       2
       1
       3
       5
       2
       4
       3
       3
       0
       2
       2
       2
       5
       0
       0
       4
       4
       2
       2
       1
       1
       1
       1
       1
       3
       2
       5
       4
       0
       3
       3
       4
       1
       0
       5
       1
       1
       3
       2
       1
       1
       2
       3
       6
       4
       3
       3
       1
       1
       4
       1
       4
       1
       3
       2
       2
       1
       2
       3
       2
       2
       4
       1
       2
       1
       3
       1
       1
       2
       3
       1
       0
       4
       1
       2
       4
       4
       1
       3
       2
       2
       1
       2
       2
       2
       1
       1
       2
       3
       5
       2
       3
       3
       2
       2
       2
       0
       1
       4
       2
       2
       0
       1
       1
       3
       1
       1
       0
       1
       1
       3
       1
       3
       1
       0
       1
       2
       1
       3
       3
       1
       2
       1
       0
       0
       1
       1
       0
       2
       4
       2
       0
       2
       0
       4
       1
       5
       3
       2
       1
       1
       1
       2
       3
       2
       1
       1
       0
       3
       1
       3
       3
       0
       2
       1
       2
       2
       2
       1
       4
       2
       2
       2
       3
       1
       3
       2
       2
       2
       2
       0
       1
       5
       1
       0
       1
       1
       1
       0
       5
       2
       1
       4
       1
       1
       2
       1
       4
       2
       1
       1
       1
       4
       2
       1
       1
       1
       2
       0
       5
       2
       1
       1
       2
       2
       2
       3
       1
       3
       2
       1
       1
       1
       2
       4
       2
       0
       2
       1
       4
       2
       1
       1
       2
       2
       2
       0
       2
       0
       1
       0
       2
       0
       0
       1
       4
       0
       2
       0
       0
       0
       0
       0
       0
       0
       0
       0
       0
       0
       0
       0
       0
       0
       0
       0
       0
       0
       0
       0
       0
       0
       0
       0
       0
       0
       0
       0
       0
       0
       0
       0
       0
       0
       0
       0
       0
       0
       0
       0
       0
       0
       0
       0
       0
       0
       0
       0
       0
$ROI:
2
3 4
6 1022
$PRESETS:
Live Time
240
0
$ENER_FIT:
0.000000 0.000000
$MCA_CAL:
3
0.000000E+000 0.000000E+000 0.000000E+000 
$SHAPE_CAL:
3
0.000000E+000 0.000000E+000 0.000000E+000
