$SPEC_ID:
No sample description was entered.
$SPEC_REM:
DET# 17
DETDESC# WD011-04 Easy-MCA-8k SN 13260151
AP# Maestro Version 7.01
$DATE_MEA:
04/21/2017 15:33:58
$MEAS_TIM:
240 240
$DATA:
0 1023
       0
       0
       0
       0
       0
       0
       0
       0
       0
       0
       0
       0
       0
       3
       9
       4
       7
       6
      12
       6
       6
      12
       8
       4
      10
       6
       3
       8
       5
       9
      12
       5
       5
       7
       5
       7
      12
       7
       9
       9
       8
      10
       7
       9
       8
      12
      10
       9
       7
      12
      13
       7
       6
      11
       3
       6
      11
      10
      12
      13
       7
       9
      12
      14
      18
      11
      13
       6
      11
      14
       9
      18
      17
      12
      11
      13
      21
      17
      22
      16
      20
      23
      19
      13
      23
      27
      24
      24
      24
      38
      28
      36
      40
      42
      53
      38
      50
      59
      48
      45
      43
      52
      47
      37
      44
      33
      41
      36
      43
      31
      50
      37
      50
      32
      38
      33
      47
      31
      33
      49
      45
      26
      40
      34
      36
      48
      32
      41
      45
      39
      31
      25
      36
      43
      30
      29
      33
      33
      36
      40
      47
      37
      36
      48
      45
      40
      34
      33
      52
      27
      58
      46
      24
      37
      33
      32
      43
      38
      43
      33
      35
      25
      36
      48
      41
      44
      32
      46
      48
      38
      27
      34
      32
      35
      23
      39
      28
      37
      35
      36
      32
      41
      41
      33
      33
      47
      28
      49
      41
      44
      38
      47
      40
      40
      45
      35
      42
      48
      28
      41
      56
      28
      35
      38
      38
      41
      41
      46
      44
      32
      36
      41
      39
      35
      38
      50
      44
      49
      29
      46
      41
      46
      34
      50
      51
      44
      51
      40
      42
      37
      34
      33
      50
      52
      51
      47
      48
      45
      32
      32
      44
      38
      29
      38
      44
      40
      32
      28
      34
      32
      29
      31
      29
      27
      22
      23
      25
      24
      23
      24
      26
      20
      22
      16
      20
      18
      18
      24
      15
      13
      17
      12
      21
      24
      22
      20
       9
      18
      18
      14
      10
      12
      20
      18
      16
      16
      16
      20
      17
      18
      12
      16
      13
      15
      15
      15
      20
      13
      10
       7
      18
      18
      14
      17
      12
      11
       8
      12
       6
      17
      13
       9
      12
      12
       9
       9
       2
       5
       4
       5
       9
       8
       7
       7
       2
      14
      18
       4
       9
      14
       4
       7
      11
       6
       9
       8
      11
       8
       5
      10
       7
       3
      14
      17
      10
       7
       8
       5
       7
      13
       6
      13
       7
       9
       7
      10
       5
       7
      12
       6
       9
       7
       9
       9
      11
      10
      11
       5
      13
      13
       8
       9
      12
       9
       8
       7
       8
       8
      10
       3
      11
       4
       6
       5
      10
       9
       6
       6
       2
       9
       4
       7
       3
      12
       8
       7
       8
       6
       7
       5
       4
       8
       6
       7
       6
       9
      11
       6
       5
       6
       4
       5
       4
       5
       9
       8
       9
       4
       7
      11
       5
       3
       3
       5
       4
      10
       4
       6
       7
       5
       8
       8
       5
      11
       9
       6
       3
       5
      11
       5
       8
       7
       8
       9
       8
       5
       9
       5
       9
       8
       6
       5
       4
       6
       5
       2
       3
       6
       2
       5
       8
       5
       5
       3
       8
       7
       5
       7
       7
       2
      12
       5
       6
       1
       1
       6
       2
       3
       3
       2
       6
       3
       4
       4
       5
       6
       7
       7
       4
       4
       2
       6
       4
       8
       6
       4
       6
       4
       1
       9
       4
       8
       2
       5
       5
       6
       5
       4
       1
       8
       8
       2
       4
       5
       6
       3
       6
       7
       3
       2
       6
       2
       4
       5
       2
       4
       2
       7
       3
       3
       3
       4
       4
       2
       2
       3
       1
       1
       1
       4
       5
       5
       3
       4
       2
       3
       5
       4
       6
       5
       3
       5
       3
       2
       2
       4
       5
       5
       0
       1
       2
       4
       7
       4
       3
       2
       2
       4
       2
       3
       6
       2
       3
       3
       0
       3
       7
       0
       5
       1
       4
       4
       2
       4
       1
       3
       4
       5
       4
       7
       7
       2
       5
       3
       3
       2
       3
       4
       4
       5
       5
       3
       7
       4
       2
       3
       3
       3
       2
       4
       1
       3
       3
       4
       7
       3
       4
       2
       6
       6
       6
       2
       2
       1
       6
       4
       3
       3
       4
       2
       5
       3
       4
       7
       5
       3
       2
       3
       2
       2
       2
       1
       0
       6
       4
       1
       2
       2
       2
       5
       6
       1
       4
       2
       4
       5
       1
       4
       3
       3
       4
       2
       4
       0
       4
       0
       1
       2
       5
       2
       4
       3
       1
       2
       2
       5
       3
       5
       4
       2
       2
       1
       1
       2
       5
       4
       7
       3
       6
       5
       4
       1
       0
       4
       3
       2
       4
       5
       1
       4
       2
       5
       4
       4
       2
       3
       1
       3
       2
       4
       3
       5
       3
       6
       3
       4
       5
       3
       2
       5
       1
       3
       4
       3
       6
       3
       1
       5
       2
       3
       4
       6
       5
       3
       4
       5
       3
       1
       8
       0
       0
       2
       4
       1
       5
       5
       1
       4
       1
       3
       1
       1
       2
       3
       2
       2
       6
       2
       0
       5
       4
       3
       3
       2
       3
       2
       0
       4
       1
       1
       5
       1
       6
       2
       5
       1
       1
       2
       0
       3
       2
       3
       4
       6
       3
       3
       2
       1
       1
       5
       0
       2
       4
       2
       1
       3
       0
       2
       7
       2
       4
       2
       1
       3
       1
       3
       2
       3
       1
       4
       0
       2
       4
       4
       0
       2
       3
       1
       4
       3
       0
       2
       1
       1
       2
       2
       1
       1
       4
       2
       0
       1
       5
       1
       4
       2
       2
       3
       2
       1
       2
       4
       0
       2
       6
       1
       2
       2
       1
       1
       1
       2
       5
       1
       1
       1
       0
       1
       1
       1
       1
       1
       2
       1
       2
       0
       1
       1
       1
       0
       1
       5
       2
       0
       1
       1
       0
       1
       1
       2
       1
       1
       1
       3
       0
       2
       3
       2
       2
       3
       2
       5
       2
       2
       1
       2
       5
       3
       3
       0
       0
       1
       2
       1
       2
       1
       0
       1
       2
       3
       4
       1
       0
       2
       1
       2
       0
       2
       1
       4
       1
       1
       3
       0
       1
       1
       2
       5
       3
       2
       2
       1
       4
       1
       1
       0
       1
       5
       4
       0
       3
       1
       1
       1
       2
       1
       0
       1
       3
       2
       1
       1
       1
       2
       2
       0
       1
       3
       1
       3
       0
       3
       2
       2
       0
       1
       0
       1
       2
       1
       1
       1
       2
       0
       0
       0
       0
       0
       0
       0
       0
       0
       0
       0
       0
       0
       0
       0
       0
       0
       0
       0
       0
       0
       0
       0
       0
       0
       0
       0
       0
       0
       0
       0
       0
       0
       0
       0
       0
       0
       0
       0
       0
       0
       0
       0
       0
       0
       0
       0
       0
       0
       0
       0
$ROI:
2
3 4
6 1022
$PRESETS:
Live Time
240
0
$ENER_FIT:
0.000000 0.000000
$MCA_CAL:
3
0.000000E+000 0.000000E+000 0.000000E+000 
$SHAPE_CAL:
3
0.000000E+000 0.000000E+000 0.000000E+000
