$SPEC_ID:
No sample description was entered.
$SPEC_REM:
DET# 17
DETDESC# WD011-04 Easy-MCA-8k SN 13260151
AP# Maestro Version 7.01
$DATE_MEA:
04/21/2017 16:37:43
$MEAS_TIM:
240 240
$DATA:
0 1023
       0
       0
       0
       0
       0
       0
       0
       0
       0
       0
       0
       0
       0
       5
       7
       9
       4
       7
      12
       5
      11
      11
       6
       5
       8
       5
      12
      12
       7
       8
       7
       6
       9
       3
      12
      11
      12
       6
       8
       5
      18
      11
       8
      17
      18
       9
      14
       7
      16
      15
       6
      10
      11
      13
      13
      13
      18
      13
      22
      18
      11
      14
       7
      12
      16
      13
      14
       9
      10
      23
      12
      16
       6
      16
      24
      15
      11
      16
      16
      21
      27
      16
      25
      27
      18
      30
      15
      19
      29
      26
      36
      43
      43
      53
      40
      51
      61
      59
      53
      40
      62
      59
      52
      49
      43
      58
      53
      43
      53
      45
      48
      40
      41
      45
      34
      53
      54
      37
      41
      39
      50
      46
      47
      38
      38
      46
      40
      44
      32
      40
      41
      33
      25
      37
      44
      37
      37
      38
      44
      39
      37
      51
      39
      41
      38
      49
      38
      47
      40
      42
      43
      44
      40
      43
      40
      40
      47
      38
      36
      40
      37
      40
      45
      42
      48
      39
      50
      35
      36
      44
      46
      38
      38
      30
      47
      36
      36
      46
      40
      48
      51
      42
      63
      41
      42
      41
      60
      37
      37
      47
      33
      40
      33
      35
      34
      57
      45
      40
      38
      41
      41
      39
      40
      39
      33
      49
      41
      41
      52
      42
      38
      40
      44
      41
      47
      34
      44
      38
      50
      44
      40
      49
      39
      48
      44
      62
      44
      48
      49
      41
      44
      47
      48
      47
      42
      31
      43
      39
      41
      42
      37
      36
      38
      41
      35
      48
      36
      32
      39
      29
      23
      25
      28
      27
      31
      32
      24
      25
      26
      25
      29
      25
      23
      19
      17
      22
      18
      22
      14
      17
      14
      25
      13
      21
      14
      13
      19
      25
      13
      16
      16
      12
      12
      18
      26
      17
      12
      28
      23
      13
      16
      14
      14
      18
      22
      16
      20
      17
      18
      17
       8
      12
       9
      10
      20
       9
      18
       9
      10
      15
      10
      10
      16
      11
       8
      12
       5
      11
      16
       8
      14
      14
      12
      13
      10
      14
      15
      10
      13
      14
      20
       5
      12
      14
      12
      11
       7
       6
      14
       7
      10
      15
       7
       9
       6
      17
       8
      10
       2
      12
      11
       9
       9
      11
      19
       9
       7
       5
      14
       9
      14
       8
       3
       8
       5
       7
       8
      10
       8
      10
      17
      11
      10
       5
       9
       9
      11
      13
      12
       3
       2
      15
      10
       8
      10
       5
      10
      11
       7
       3
       9
      12
      12
       5
       9
       6
       9
       9
       6
       4
      10
       9
       8
       6
       9
       8
       8
      11
       9
       8
       8
       9
       4
       6
       6
       7
      12
       8
       5
       7
      12
       8
      12
      13
       9
       5
       5
      11
       6
       3
       8
      10
      10
      10
       6
       6
       5
       5
      11
       9
       4
      12
       8
      10
       9
       6
       5
       3
       6
      10
      13
       7
       4
       6
       6
       4
       6
       9
       4
       8
       4
       6
       5
       8
       3
      11
       8
       1
       8
       5
       4
       6
       8
       6
       6
       9
       9
       1
       7
       4
       1
       7
       4
       4
       3
       5
       8
       8
       3
       5
       3
       6
       1
       2
       6
       4
       7
       8
       4
       3
       4
       7
       6
       5
       1
       3
       5
       4
       3
       4
       4
       3
       9
       3
       4
       2
       7
       3
       4
       1
       4
       6
       9
       9
       9
       4
       7
      12
       3
       3
       5
       6
       5
       2
       6
       8
       6
       2
       2
       1
       7
       5
       4
       5
       3
       3
       6
       2
       1
       1
       7
       5
       2
       5
       5
       3
       2
       6
       5
       4
       4
       2
       7
       2
       2
       2
       5
       3
       2
       2
       4
       5
       6
       6
       6
       6
       2
       3
      10
       6
       5
       8
       2
       2
       2
       2
       3
       9
       3
       2
       7
       4
       4
       2
       2
       4
       4
       2
       5
       5
       4
       1
       3
       3
       3
       2
       1
       1
       2
       3
       4
       8
       4
       4
       5
       5
       2
       2
       5
       4
       1
       4
       6
       4
       2
       4
       4
       3
       4
       0
       2
       3
       7
       8
       3
       2
       5
       2
       2
       3
       3
       5
       2
       1
       2
       3
       2
       4
       3
       2
       4
       3
       4
       1
       4
       4
       4
       2
       2
       7
       4
       5
       1
       2
       0
       3
       3
       4
       3
       3
       2
       3
       1
       4
       5
       2
       1
       0
       4
       7
       3
       4
       8
       3
       4
       2
       2
       1
       0
       2
       4
       3
       7
       6
       3
       5
       3
       4
       4
       2
       6
       4
       3
       6
       3
       4
       4
       4
       2
       3
       1
       0
       4
       1
       5
       2
       3
       3
       1
       1
       2
       5
       3
       3
       4
       3
       3
       5
       3
       1
       4
       4
       4
       4
       5
       1
       3
       3
       4
       2
       4
       3
       1
       1
       2
       4
       1
       2
       2
       5
       3
       3
       3
       1
       5
       4
       1
       4
       3
       2
       1
       2
       1
       5
       1
       2
       3
       4
       2
       1
       1
       3
       2
       6
       0
       3
       1
       3
       0
       1
       2
       1
       5
       1
       1
       1
       0
       1
       1
       2
       5
       3
       1
       3
       3
       3
       1
       4
       3
       1
       3
       1
       3
       3
       1
       4
       1
       1
       3
       1
       2
       5
       1
       3
       1
       4
       3
       3
       2
       1
       3
       3
       1
       1
       1
       1
       0
       0
       1
       2
       0
       4
       1
       1
       1
       0
       3
       1
       1
       2
       2
       5
       2
       2
       1
       3
       2
       0
       1
       2
       0
       2
       1
       1
       4
       1
       1
       0
       1
       0
       0
       1
       4
       2
       2
       2
       2
       2
       3
       2
       1
       3
       3
       5
       0
       2
       0
       1
       2
       1
       1
       4
       2
       2
       4
       1
       2
       4
       1
       3
       0
       1
       1
       1
       8
       2
       2
       2
       1
       5
       0
       2
       2
       3
       3
       2
       1
       0
       2
       1
       0
       2
       1
       0
       4
       3
       0
       0
       2
       0
       1
       0
       0
       4
       1
       0
       0
       1
       1
       2
       0
       1
       2
       3
       1
       2
       3
       4
       1
       0
       4
       0
       3
       1
       2
       2
       2
       3
       0
       0
       2
       1
       1
       3
       3
       2
       0
       2
       2
       1
       2
       0
       1
       2
       0
       3
       2
       0
       3
       2
       3
       0
       1
       0
       0
       0
       0
       0
       0
       0
       0
       0
       0
       0
       0
       0
       0
       0
       0
       0
       0
       0
       0
       0
       0
       0
       0
       0
       0
       0
       0
       0
       0
       0
       0
       0
       0
       0
       0
       0
       0
       0
       0
       0
       0
       0
       0
       0
       0
       0
       0
       0
       0
       0
$ROI:
2
3 4
6 1022
$PRESETS:
Live Time
240
0
$ENER_FIT:
0.000000 0.000000
$MCA_CAL:
3
0.000000E+000 0.000000E+000 0.000000E+000 
$SHAPE_CAL:
3
0.000000E+000 0.000000E+000 0.000000E+000
