$SPEC_ID:
No sample description was entered.
$SPEC_REM:
DET# 17
DETDESC# WD011-04 Easy-MCA-8k SN 13260151
AP# Maestro Version 7.01
$DATE_MEA:
04/21/2017 16:32:05
$MEAS_TIM:
240 240
$DATA:
0 1023
       0
       0
       0
       0
       0
       0
       0
       0
       0
       0
       0
       0
       0
       1
       8
       5
       6
       8
      10
       4
       4
       6
      12
       8
       6
       6
       8
       8
       5
      14
       9
       6
       6
       7
      10
      12
       8
       8
      12
       9
       6
       6
       8
       7
      16
      12
      14
      11
       8
      17
      13
       6
       9
      17
      11
      14
      10
      13
      14
      10
       8
      11
      17
       7
      11
      12
      15
      15
      14
      16
      12
      18
      15
      18
      22
      19
      12
      18
      16
      21
      22
      21
      12
      28
      19
      30
      31
      29
      23
      31
      43
      34
      33
      38
      48
      45
      53
      60
      63
      66
      62
      58
      68
      39
      42
      52
      44
      44
      43
      31
      40
      53
      50
      47
      45
      56
      54
      37
      51
      32
      39
      37
      37
      45
      43
      43
      39
      48
      48
      43
      33
      30
      40
      44
      34
      44
      43
      40
      45
      36
      41
      41
      44
      41
      44
      45
      36
      44
      49
      39
      48
      45
      48
      40
      44
      34
      44
      34
      46
      42
      51
      42
      48
      33
      49
      55
      36
      52
      49
      45
      51
      46
      38
      39
      50
      27
      44
      32
      60
      37
      41
      41
      40
      51
      44
      34
      44
      35
      45
      38
      35
      45
      40
      47
      48
      49
      45
      46
      28
      42
      37
      39
      50
      34
      43
      41
      31
      40
      37
      59
      53
      48
      35
      38
      39
      49
      52
      51
      39
      39
      43
      50
      45
      46
      48
      43
      71
      51
      40
      43
      47
      43
      45
      46
      33
      45
      45
      43
      55
      42
      32
      58
      38
      33
      36
      39
      25
      38
      33
      21
      39
      39
      34
      18
      25
      25
      17
      31
      28
      23
      18
      26
      24
      25
      18
      22
      31
      18
      17
      21
      22
      19
      17
      18
      20
      26
      19
      19
      26
      26
      18
      16
      19
      23
      16
      23
      16
      23
      15
      12
      20
      25
      21
      14
      22
      19
      20
       8
      15
      18
      14
      17
      10
      18
      20
      17
      12
      20
      10
       8
      14
      10
      15
       8
      18
      11
      15
      20
      13
      12
      10
       6
      13
      13
       8
      11
      13
      15
      16
       8
      16
      21
      10
      14
      11
      14
       7
       7
      17
      12
       9
      12
      13
      14
      14
      12
       7
       9
       5
      12
       8
       9
       3
      15
       7
       6
      14
       8
      10
      10
      11
      10
       7
       2
       7
      16
      11
       9
      12
       9
      15
       9
       7
       6
      13
      11
       9
       6
      10
      15
       8
      11
       8
       7
       7
      12
       7
       7
       8
       4
       7
       5
       6
       7
       6
       3
       6
      13
       7
       8
       6
       7
       7
      10
       9
       6
       3
       3
       4
       5
       5
       8
       9
      11
      11
       8
       7
      16
      13
       5
       7
       8
       3
       6
       7
      14
       5
      16
       2
       7
       7
       8
       5
       8
       4
       4
       4
       6
       8
       9
       9
       5
       4
       4
       8
       4
       3
       5
       5
       7
       8
      10
       9
       4
       9
       6
       4
       4
       3
       8
       8
       5
       9
       6
       3
       2
       4
       8
       8
       4
       5
       4
       5
       8
      10
       3
       1
       5
       6
       5
      10
       4
       5
       6
       4
       8
       4
       6
       4
       5
       6
       4
       6
       3
       5
       4
       1
       3
       6
       3
       6
       2
       4
       4
       3
       5
       6
       5
       6
       4
       5
       4
       3
       9
       5
       4
       3
       3
       2
       8
       6
       0
       4
       4
       2
       4
       6
       4
       5
       4
       6
       6
       4
       4
       3
       3
       5
       6
       2
       4
       3
       2
       2
       6
       4
       9
       5
      10
       2
       3
       3
       5
       2
       8
       5
       3
       7
       9
       4
       3
       3
       4
       5
       5
       5
       4
       3
       6
       5
       3
       5
       3
       2
       3
       6
       7
       5
       7
       2
       9
       3
       1
       5
       1
       3
       3
       1
       4
       3
       2
       5
       5
       8
       4
       6
       5
       7
       5
       5
       2
       4
       1
       3
       4
       3
       4
       7
       3
       4
       3
       7
       6
       4
       5
       6
       5
       5
       4
       2
       4
       3
       5
       2
       4
       2
       3
       5
       1
       2
       2
       2
       4
       2
       2
       1
       4
       4
       4
       3
       7
       4
       2
       5
       7
       8
       2
       8
       2
       3
       0
       4
       1
       5
       8
       2
       4
       1
       3
       6
       1
       3
       2
       0
       2
       4
       4
       4
       3
       4
       2
       5
       2
       4
       0
       6
       5
       2
       5
       4
       4
       5
       5
       8
       1
       3
       5
       5
       2
       1
       3
       3
       3
       3
       2
       5
       3
       3
       3
       3
       5
       2
       1
       2
       3
       2
       0
       3
       2
       6
       1
       0
       3
       6
       4
       3
       2
       4
       3
       3
       3
       5
       0
       1
       0
       2
       3
       0
       3
       3
       2
       3
       2
       0
       1
       2
       2
       1
       8
       3
       8
       2
       9
       5
       3
       0
       4
       4
       2
       1
       4
       0
       1
       5
       2
       2
       3
       3
       2
       1
       3
       1
       2
       2
       2
       2
       3
       4
       2
       3
       1
       4
       2
       2
       2
       6
       6
       1
       3
       4
       2
       0
       3
       7
       2
       2
       2
       2
       3
       4
       1
       2
       4
       2
       1
       3
       5
       1
       3
       3
       3
       5
       5
       1
       1
       1
       3
       1
       0
       1
       2
       3
       4
       1
       0
       1
       0
       3
       4
       1
       0
       0
       5
       2
       2
       0
       4
       3
       3
       2
       1
       1
       1
       3
       0
       0
       2
       5
       0
       0
       2
       2
       3
       1
       2
       3
       1
       3
       0
       2
       0
       4
       3
       2
       1
       2
       5
       4
       0
       0
       6
       6
       2
       1
       3
       1
       5
       3
       4
       2
       0
       2
       0
       3
       0
       1
       1
       3
       2
       0
       4
       1
       2
       0
       2
       1
       2
       4
       2
       2
       2
       1
       4
       0
       2
       1
       1
       0
       3
       2
       2
       2
       3
       1
       0
       0
       2
       1
       0
       2
       3
       1
       1
       2
       2
       1
       0
       1
       0
       1
       4
       1
       3
       0
       2
       0
       1
       1
       3
       4
       1
       1
       0
       0
       2
       3
       2
       1
       3
       4
       2
       2
       1
       1
       2
       2
       3
       0
       0
       3
       1
       0
       0
       2
       1
       1
       3
       4
       4
       0
       0
       1
       3
       1
       1
       3
       0
       3
       1
       2
       1
       1
       1
       1
       2
       0
       0
       0
       0
       0
       0
       0
       0
       0
       0
       0
       0
       0
       0
       0
       0
       0
       0
       0
       0
       0
       0
       0
       0
       0
       0
       0
       0
       0
       0
       0
       0
       0
       0
       0
       0
       0
       0
       0
       0
       0
       0
       0
       0
       0
       0
       0
       0
       0
       0
$ROI:
2
3 4
6 1022
$PRESETS:
Live Time
240
0
$ENER_FIT:
0.000000 0.000000
$MCA_CAL:
3
0.000000E+000 0.000000E+000 0.000000E+000 
$SHAPE_CAL:
3
0.000000E+000 0.000000E+000 0.000000E+000
