$SPEC_ID:
No sample description was entered.
$SPEC_REM:
DET# 17
DETDESC# WD011-04 Easy-MCA-8k SN 13260151
AP# Maestro Version 7.01
$DATE_MEA:
04/21/2017 17:31:52
$MEAS_TIM:
240 240
$DATA:
0 1023
       0
       0
       0
       0
       0
       0
       0
       0
       0
       0
       0
       0
       0
       1
       5
       5
       7
       6
       6
       5
      15
       4
       5
       6
      10
       4
       9
       6
       7
       9
       9
      12
       8
       7
      10
      12
      12
       3
       8
      14
       9
       7
      12
      11
       6
       8
      11
       5
       9
       7
       8
      10
      14
      15
       4
      14
      17
      13
      10
      19
      15
       9
      15
       8
      13
      15
       5
      10
       7
       9
      12
      14
      12
      14
      16
      17
      18
      11
      21
      17
      27
      18
      21
      20
      22
      20
      23
      20
      30
      20
      34
      34
      39
      35
      49
      48
      56
      64
      54
      68
      59
      57
      46
      49
      43
      46
      49
      31
      42
      56
      54
      40
      53
      46
      41
      43
      36
      36
      32
      42
      38
      40
      45
      41
      31
      40
      46
      39
      37
      30
      37
      43
      36
      33
      46
      45
      39
      53
      49
      34
      37
      39
      40
      44
      45
      37
      29
      48
      43
      44
      49
      39
      44
      40
      41
      50
      40
      54
      47
      37
      49
      53
      39
      37
      37
      41
      39
      45
      52
      43
      36
      25
      42
      35
      36
      44
      41
      46
      39
      35
      40
      41
      37
      38
      48
      39
      45
      44
      37
      39
      34
      39
      40
      52
      44
      43
      33
      34
      44
      41
      43
      42
      44
      49
      37
      38
      48
      34
      43
      37
      41
      51
      34
      36
      40
      37
      44
      40
      51
      48
      39
      45
      34
      37
      54
      42
      45
      44
      36
      30
      39
      52
      59
      49
      39
      40
      42
      40
      44
      35
      40
      38
      29
      26
      23
      28
      31
      30
      44
      27
      26
      26
      30
      20
      18
      30
      19
      15
      23
      15
      20
      19
      23
      25
      17
      11
      14
      18
      17
      15
      17
      16
      13
      28
      22
      14
      22
      25
      16
      22
      15
      12
      12
      19
      15
       8
      13
      16
      12
      16
      17
      16
      12
      14
      10
      13
      16
      16
       8
      15
      12
      18
      13
      21
       8
       8
      13
      18
       6
       9
      13
      23
       8
       6
      13
       9
      13
      10
       7
      11
      11
       9
      11
      17
      12
       7
      16
      12
      15
      10
       7
      11
      12
      12
      13
      10
       6
       5
       7
      10
      18
      20
       8
      10
       8
       8
      13
       7
      15
       6
       6
       8
       7
       7
       9
      10
      12
       8
      12
       6
      10
      11
      12
       9
       7
       6
      12
       9
      10
       8
       7
       4
       6
      12
       3
      12
       7
       8
      10
      14
       4
       9
      12
      10
      11
       7
       7
       7
       6
       6
       5
       3
       5
       5
       8
      13
       8
       3
      12
       5
       6
      11
       9
       7
       5
       6
       6
       8
       6
       7
       5
       5
       8
       6
       9
       9
       7
       5
       7
      10
       5
       7
       5
       7
      15
       7
       6
       6
       9
       5
       4
       8
       6
      13
       6
       3
       2
      10
       2
      10
       7
       6
       5
       5
       5
       4
       5
       8
       6
       4
       7
       6
       5
       8
       4
       1
       6
       6
       4
       6
       6
       5
       9
       6
       9
       0
       1
       3
       1
       6
       7
       5
       3
       5
       8
       5
      10
       5
       6
       5
       8
       7
       4
       6
       2
       5
       5
       5
       6
       5
       2
       6
       5
       2
       9
       2
       6
       5
       6
       4
       3
       4
       7
       5
       2
       5
       1
       3
       5
       4
       8
       4
       3
       2
       5
       3
       2
       1
       5
       3
       5
       4
       4
       7
       4
       3
       2
       8
       4
       2
       8
       3
       2
       5
       4
       3
       6
       6
       3
       4
       2
       2
       5
       3
       4
       3
       8
       6
       3
       6
       5
       4
       2
       2
       8
       3
       1
       3
       4
       3
       3
       5
       3
       6
       3
       3
       6
       7
       2
       5
       5
       4
       7
       3
       3
       3
       4
       5
       2
       5
       5
       6
       4
       5
       3
       3
       4
       2
       2
       4
       1
       6
       0
       6
       1
       5
       3
       7
       2
       2
       4
       5
       6
       2
       3
       5
       4
       2
       1
       1
       6
       4
       6
       2
       4
       4
       7
       1
       3
       5
       3
       3
       1
       6
       1
       2
       4
       4
       6
       4
       4
       2
       7
       1
       3
       2
       7
       3
       3
       3
       6
       3
       2
       4
       1
       7
       1
       1
       2
       2
       1
       3
       6
       3
      10
       5
       2
       5
       2
       6
       1
       2
       2
       3
       4
       5
       1
       1
       7
       4
       3
       7
       2
       4
       1
       2
       4
       3
       6
       3
       5
       3
       5
       4
       4
       8
       6
       2
       6
       1
       1
       4
       4
       4
       2
       2
       2
       4
       1
       1
       2
       1
       3
       1
       4
       3
       4
       7
       4
       5
       2
       2
       8
       2
       8
       1
       3
       3
       0
       4
       2
       3
       9
       4
       4
       2
       4
       2
       4
       2
       2
       5
       4
       4
       4
       3
       3
       3
       3
       2
       0
       5
       1
       1
       5
       2
       2
       3
       3
       2
       3
       2
       3
       2
       5
       3
       3
       0
       3
       3
       3
       5
       4
       0
       4
       1
       2
       3
       5
       3
       4
       0
       4
       4
       4
       2
       3
       3
       4
       3
       6
       3
       4
       1
       3
       3
       2
       4
       0
       0
       2
       2
       4
       1
       0
       4
       1
       2
       0
       3
       2
       3
       0
       3
       5
       4
       1
       1
       3
       2
       2
       2
       2
       0
       1
       2
       1
       2
       5
       3
       1
       2
       4
       3
       1
       2
       4
       1
       2
       5
       0
       0
       6
       1
       3
       0
       1
       3
       1
       4
       3
       4
       2
       0
       2
       1
       1
       1
       3
       2
       2
       3
       2
       2
       7
       2
       1
       1
       0
       4
       2
       0
       1
       0
       0
       4
       5
       2
       0
       3
       1
       3
       3
       1
       1
       1
       1
       5
       3
       3
       1
       2
       3
       1
       3
       0
       1
       4
       1
       3
       1
       3
       1
       5
       2
       5
       2
       0
       3
       2
       1
       1
       2
       2
       0
       2
       2
       1
       2
       0
       1
       1
       0
       1
       0
       3
       1
       2
       1
       2
       1
       2
       3
       0
       0
       1
       2
       5
       1
       3
       1
       1
       0
       2
       2
       1
       3
       0
       2
       1
       0
       5
       3
       2
       1
       0
       0
       2
       2
       1
       1
       1
       2
       2
       1
       3
       0
       3
       1
       0
       0
       1
       4
       0
       2
       1
       0
       6
       0
       0
       0
       1
       1
       1
       0
       0
       0
       0
       0
       0
       0
       0
       0
       0
       0
       0
       0
       0
       0
       0
       0
       0
       0
       0
       0
       0
       0
       0
       0
       0
       0
       0
       0
       0
       0
       0
       0
       0
       0
       0
       0
       0
       0
       0
       0
       0
       0
       0
       0
       0
       0
       0
       0
       0
$ROI:
2
3 4
6 1022
$PRESETS:
Live Time
240
0
$ENER_FIT:
0.000000 0.000000
$MCA_CAL:
3
0.000000E+000 0.000000E+000 0.000000E+000 
$SHAPE_CAL:
3
0.000000E+000 0.000000E+000 0.000000E+000
