$SPEC_ID:
No sample description was entered.
$SPEC_REM:
DET# 18
DETDESC# WD011-04 Easy-MCA-8k SN 13260152
AP# Maestro Version 7.01
$DATE_MEA:
04/21/2017 18:46:34
$MEAS_TIM:
120 120
$DATA:
0 1023
       0
       0
       0
       0
       1
       0
       0
       0
       0
       1
       3
       4
       4
       4
       2
       0
       4
       3
       3
       0
       2
       2
       2
       6
       5
       3
       5
       6
       1
       4
       6
       2
       2
       5
       6
       4
       8
       4
       9
       2
       3
       8
       4
       5
       9
       6
      10
       6
       6
       3
       5
       6
       6
       2
       7
       5
       4
       4
       7
       7
       7
       6
       6
       2
       6
       5
       4
       5
       6
       3
       4
       7
      10
       1
       6
       2
       2
       8
       6
       8
       5
       7
       9
       9
      15
      10
      13
      11
      14
      19
      19
      17
      18
      16
      15
      12
      16
      14
       9
      13
       8
      16
      16
       9
      10
      19
      16
      15
      15
      22
      20
      22
      25
      19
      20
      23
      19
      17
      18
      16
      17
      18
      15
      25
      26
       8
      12
      10
      22
      22
      18
      19
      18
      12
      17
      16
      24
      16
      10
       8
      21
      19
      12
      12
       9
      16
      18
      14
      15
      17
      16
      18
      20
      14
      18
      11
      24
      10
      16
      19
      22
      27
      14
      16
      16
      18
      15
      18
      13
      15
      13
      16
       9
      19
      15
      17
      15
      10
      21
      12
      13
      17
      15
      14
      17
      19
      13
      29
      27
      19
      19
       8
      18
      18
      22
      20
      26
      15
      10
      17
      23
      14
      14
      18
      10
      18
      22
      15
      12
      17
      15
      16
      16
      22
      12
      19
       9
      16
      12
      16
      20
      14
      15
      22
      21
      18
      11
      21
      13
      21
      15
      14
      18
      24
      19
      21
      11
      17
      18
      18
      16
      12
      19
      12
      16
      15
      15
      21
      13
      13
      16
      13
      17
      17
      24
      17
      15
      15
      18
      16
      20
      18
      13
      13
      18
      14
      14
      18
      14
      17
      22
      20
      13
      13
      18
      16
      12
      12
      15
      12
       9
      18
      14
      19
      10
      17
      16
      13
      10
      13
       5
       7
      12
       8
      15
       8
       9
      12
      10
      11
      13
       4
       7
       7
       9
      12
       5
       5
       8
       9
       6
       5
       6
       9
       8
       6
       7
       7
      11
       3
       4
       7
       3
       6
       8
       8
      12
      12
       5
       4
       3
       5
       5
       9
      12
       4
       8
       6
       7
       4
       6
       5
       3
       3
       9
       1
       4
       5
       5
       7
       4
       5
       5
       5
       5
       1
       5
       4
       1
      10
       2
       9
       3
       7
       5
       3
       3
       6
       6
       4
       6
       3
       3
       7
       5
       7
       8
       4
       2
       1
       5
       3
       5
       5
       7
       1
       6
       6
       3
       3
       1
       7
       4
       2
       5
       5
       4
       5
       7
       3
       3
       6
       1
       1
       2
       4
       3
       6
       3
       3
       2
       6
       5
       7
       2
       2
       4
       4
       2
       2
       6
       1
       3
       2
       1
       4
       2
       2
       2
       3
       5
       3
       3
       0
       0
       2
       1
       6
       0
       2
       1
       4
       2
       3
       4
       3
       2
       7
       5
       3
       4
       7
       5
       3
       3
       1
       4
       3
       3
       3
       3
       2
       1
       1
       1
       4
       2
       5
       3
       3
       4
       2
       1
       5
       3
       4
       2
       1
       1
       3
       4
       7
       3
       4
       0
       2
       6
       0
       3
       4
       1
       3
       4
       3
       0
       5
       0
       5
       5
       3
       5
       2
       4
       3
       8
       2
       2
       2
       3
       2
       2
       1
       3
       4
       3
       3
       3
       2
       1
       2
       2
       5
       2
       4
       1
       1
       1
       1
       3
       1
       1
       2
       5
       4
       1
       1
       4
       1
       0
       1
       1
       0
       1
       1
       4
       1
       2
       4
       2
       0
       0
       4
       3
       2
       1
       4
       2
       1
       3
       3
       3
       0
       3
       3
       1
       0
       3
       2
       1
       0
       6
       0
       1
       1
       0
       1
       1
       0
       1
       2
       3
       0
       4
       2
       5
       4
       2
       2
       1
       3
       0
       3
       0
       5
       0
       0
       0
       3
       4
       4
       3
       2
       2
       4
       2
       0
       1
       1
       0
       1
       0
       4
       3
       4
       1
       0
       1
       1
       3
       1
       1
       1
       2
       3
       1
       3
       1
       2
       3
       3
       1
       2
       2
       1
       2
       1
       1
       2
       2
       2
       4
       0
       0
       4
       1
       1
       1
       1
       0
       1
       0
       1
       0
       2
       0
       2
       2
       1
       0
       0
       4
       3
       0
       2
       1
       1
       3
       1
       3
       0
       3
       2
       1
       1
       2
       1
       0
       2
       0
       3
       0
       2
       1
       2
       0
       3
       4
       0
       0
       1
       2
       2
       3
       2
       3
       1
       2
       1
       1
       1
       3
       2
       2
       4
       2
       1
       0
       0
       1
       3
       1
       0
       1
       3
       1
       1
       3
       2
       2
       2
       0
       3
       1
       2
       0
       1
       2
       0
       4
       2
       0
       0
       3
       4
       2
       2
       2
       2
       1
       5
       1
       2
       1
       1
       1
       2
       2
       1
       0
       3
       0
       0
       3
       2
       0
       1
       2
       3
       2
       1
       0
       0
       3
       3
       1
       0
       1
       1
       1
       0
       2
       1
       2
       0
       0
       1
       0
       2
       0
       2
       0
       1
       1
       1
       1
       0
       1
       0
       2
       1
       1
       3
       1
       1
       1
       2
       0
       1
       1
       0
       0
       3
       1
       0
       1
       1
       0
       3
       0
       0
       3
       3
       2
       3
       1
       1
       1
       0
       1
       3
       2
       0
       0
       2
       1
       1
       1
       0
       2
       1
       2
       1
       1
       1
       2
       1
       2
       4
       1
       0
       1
       0
       1
       1
       0
       2
       1
       2
       1
       0
       3
       1
       0
       2
       1
       1
       1
       0
       3
       1
       0
       1
       0
       1
       1
       0
       0
       0
       1
       1
       1
       0
       1
       2
       0
       1
       1
       2
       1
       2
       1
       1
       1
       0
       1
       1
       3
       1
       1
       0
       1
       2
       1
       1
       0
       2
       0
       2
       0
       2
       1
       1
       1
       0
       1
       2
       1
       0
       3
       1
       3
       1
       1
       0
       2
       3
       2
       0
       2
       1
       0
       3
       2
       0
       1
       1
       0
       3
       1
       1
       1
       0
       3
       1
       0
       0
       2
       1
       2
       1
       1
       0
       1
       0
       1
       0
       1
       1
       0
       1
       1
       0
       2
       0
       0
       1
       1
       0
       0
       0
       0
       1
       1
       0
       0
       0
       0
       1
       1
       1
       1
       0
       0
       0
       0
       0
       0
       0
       0
       0
       0
       0
       0
       0
       0
       0
       0
       0
       0
       0
       0
       0
       0
       0
       0
       0
       0
       0
       0
       0
       0
       0
       0
       0
       0
       0
       0
       0
       0
       0
       0
       0
       0
       0
       0
       0
       0
       0
       0
       0
       0
       0
       0
       0
$ROI:
1
3 1022
$PRESETS:
Live Time
120
0
$ENER_FIT:
-7.505623 1.460325
$MCA_CAL:
3
-7.505623E+000 1.460325E+000 0.000000E+000 keV
$SHAPE_CAL:
3
1.866601E+000 6.279851E-002 0.000000E+000
