$SPEC_ID:
No sample description was entered.
$SPEC_REM:
DET# 18
DETDESC# WD011-04 Easy-MCA-8k SN 13260152
AP# Maestro Version 7.01
$DATE_MEA:
04/21/2017 18:14:58
$MEAS_TIM:
120 120
$DATA:
0 1023
       0
       0
       0
       0
       0
       0
       0
       0
       0
       1
       6
       1
       3
       1
       5
       2
       4
       7
       1
       3
       0
       4
       5
       3
       4
       8
       3
       3
       2
       1
       6
       4
       1
       1
       2
       4
       4
       4
       3
       4
       3
       5
       2
       7
       4
       5
       6
       1
       9
       9
       5
       7
       7
       2
       5
       7
       3
       4
       6
       3
       2
       6
       0
       6
       3
       8
       4
       6
       8
       5
       9
       5
       4
       7
       4
       5
       4
       3
       3
       5
       5
      10
       5
      11
      15
      10
       6
      12
      15
      19
      10
      21
      14
      19
      13
      14
       5
      12
       4
       9
      11
      13
      15
      13
       8
      17
      13
      18
      16
      17
      23
      21
      23
      24
      22
      30
      17
      23
      13
      24
      15
      15
      14
      14
      17
      21
      21
      16
      15
      17
      23
      14
      16
      16
      11
      21
      17
      13
      21
      17
      19
      17
       7
      15
      22
      14
      16
      16
      11
      13
      19
      19
      14
      22
      16
      18
      16
      14
      13
      16
      17
       8
      19
      20
      17
      17
      20
      19
      15
      20
      24
      19
      21
      16
      26
      14
      24
      16
      27
      12
      15
      21
       9
      17
      18
      23
      14
      14
      20
      14
      22
      22
      21
      11
      11
      13
      16
      21
      17
      12
      16
       8
      13
      16
      18
      17
      18
      17
      10
      13
      15
      14
      18
      13
      14
      18
      24
      11
      13
      17
      14
      13
       9
      17
      17
      18
      16
      17
      11
      22
      10
      20
      13
      18
      17
      14
      14
      15
      25
      12
      10
      13
      20
      13
      14
      24
      19
      18
      15
      17
      20
      14
      17
      14
      17
      16
      22
      22
      27
      22
      21
      17
      23
      16
      17
      21
      24
      16
      21
      14
      14
      17
      20
      17
      12
      18
      21
      10
       9
      15
      19
      21
      14
      13
      19
      11
       8
       9
      10
      11
       9
       9
      10
       9
       4
      10
       4
       6
       8
       5
       8
       2
      14
      10
       7
       3
      10
       8
       7
       6
       8
       6
       5
      14
       1
      13
      11
       7
      11
      11
       7
       4
       6
       4
       3
      10
       3
      12
       6
      13
       5
       5
       5
       6
       3
       4
       4
       8
       5
       3
       4
       7
       2
       8
       8
       3
       6
       6
       6
       6
       5
       1
       4
       6
       5
       5
       5
       6
       6
       5
       5
       6
       3
       6
       4
       6
       2
       2
       7
       1
       7
       6
       2
       5
       5
       1
       6
       6
       3
       5
       5
       4
       4
       7
       8
       6
       4
       5
       3
       2
       1
       5
       2
       7
       6
       3
       4
       2
       2
       3
       5
       5
       2
       3
       7
       2
       3
       6
       3
       3
       3
       3
       1
       7
       3
       2
       2
       4
       7
       5
       3
       9
       1
       3
       8
       4
       4
       2
       5
       3
       5
       3
       3
       3
       4
       6
       1
       2
       7
       5
       2
       4
       1
       2
       2
       1
       4
       1
       0
       2
       5
       2
       2
       2
       4
       3
       1
       4
       4
       3
       4
       3
       3
       4
       1
       1
       4
       0
       1
       4
       9
       1
       2
       3
       1
       2
       6
       6
       4
       4
       6
       5
       4
       2
       1
       6
       2
       3
       6
       3
       1
       3
       4
       1
       1
       1
       2
       4
       3
       2
       1
       4
       3
       1
       3
       3
       2
       5
       4
       3
       2
       2
       3
       5
       2
       0
       0
       4
       6
       1
       2
       2
       2
       5
       1
       3
       6
       1
       3
       1
       3
       1
       1
       3
       2
       4
       3
       1
       3
       5
       2
       0
       1
       1
       0
       4
       1
       0
       4
       2
       3
       1
       1
       1
       0
       4
       3
       5
       2
       5
       0
       3
       3
       0
       2
       3
       1
       0
       3
       4
       2
       2
       5
       0
       2
       3
       1
       1
       1
       4
       2
       4
       1
       4
       1
       2
       3
       1
       2
       3
       2
       3
       1
       0
       2
       5
       2
       1
       1
       3
       1
       1
       1
       4
       2
       3
       0
       2
       0
       0
       2
       0
       3
       0
       2
       0
       5
       0
       1
       1
       1
       2
       2
       1
       0
       4
       0
       1
       0
       2
       0
       3
       3
       2
       1
       0
       1
       2
       3
       1
       0
       0
       1
       2
       1
       1
       0
       2
       1
       3
       0
       3
       4
       0
       0
       4
       2
       0
       3
       2
       4
       0
       0
       2
       0
       4
       3
       1
       3
       1
       1
       1
       3
       3
       1
       2
       3
       0
       5
       1
       1
       0
       2
       1
       3
       0
       2
       1
       3
       0
       0
       1
       0
       1
       2
       1
       1
       0
       0
       3
       2
       0
       2
       4
       1
       1
       3
       1
       2
       0
       0
       1
       2
       3
       2
       0
       5
       0
       4
       2
       0
       0
       0
       0
       2
       2
       3
       0
       3
       1
       1
       2
       2
       0
       5
       1
       1
       0
       1
       3
       0
       1
       2
       0
       0
       2
       0
       2
       2
       1
       0
       2
       3
       1
       4
       3
       0
       1
       2
       0
       3
       4
       1
       1
       0
       2
       2
       0
       1
       4
       2
       0
       1
       4
       0
       0
       1
       0
       1
       1
       3
       2
       1
       0
       1
       0
       0
       2
       3
       1
       2
       4
       1
       2
       1
       3
       0
       1
       1
       1
       2
       2
       1
       1
       2
       1
       0
       0
       2
       3
       1
       2
       2
       2
       1
       1
       2
       4
       2
       1
       2
       1
       4
       2
       1
       3
       0
       3
       2
       1
       1
       1
       1
       3
       2
       2
       1
       1
       1
       2
       1
       2
       2
       1
       2
       0
       0
       1
       1
       0
       1
       1
       2
       1
       3
       1
       1
       1
       1
       1
       1
       1
       0
       0
       0
       2
       0
       2
       1
       0
       1
       0
       0
       3
       1
       2
       1
       2
       5
       1
       0
       2
       1
       1
       2
       1
       1
       1
       3
       0
       2
       1
       3
       0
       3
       0
       0
       1
       2
       0
       0
       0
       2
       1
       0
       0
       0
       1
       1
       2
       0
       0
       0
       1
       1
       1
       0
       2
       0
       0
       1
       0
       0
       0
       1
       0
       0
       2
       1
       1
       2
       0
       1
       3
       0
       1
       1
       0
       1
       1
       1
       0
       2
       3
       1
       0
       3
       1
       0
       0
       1
       0
       0
       2
       1
       2
       1
       1
       1
       1
       1
       0
       0
       0
       1
       1
       2
       1
       1
       0
       0
       3
       0
       0
       0
       0
       0
       0
       0
       0
       0
       0
       0
       0
       0
       0
       0
       0
       0
       0
       0
       0
       0
       0
       0
       0
       0
       0
       0
       0
       0
       0
       0
       0
       0
       0
       0
       0
       0
       0
       0
       0
       0
       0
       0
       0
       0
       0
       0
       0
       0
       0
       0
       0
$ROI:
1
3 1022
$PRESETS:
Live Time
120
0
$ENER_FIT:
-7.505623 1.460325
$MCA_CAL:
3
-7.505623E+000 1.460325E+000 0.000000E+000 keV
$SHAPE_CAL:
3
1.866601E+000 6.279851E-002 0.000000E+000
