$SPEC_ID:
No sample description was entered.
$SPEC_REM:
DET# 18
DETDESC# WD011-04 Easy-MCA-8k SN 13260152
AP# Maestro Version 7.01
$DATE_MEA:
04/21/2017 18:05:35
$MEAS_TIM:
120 120
$DATA:
0 1023
       0
       0
       0
       0
       0
       0
       0
       0
       0
       2
       2
       5
       4
       6
       4
       3
       3
       0
       4
       3
       3
       3
       0
       7
       1
       1
       5
       2
       4
       5
       2
       3
       4
       6
       4
       3
       4
       3
       3
       7
       6
       1
       3
       4
       2
       8
       6
       3
       2
       4
       3
       1
       3
       5
       7
       3
       6
       5
       2
       4
      10
       5
       3
      10
       4
       4
       7
      11
       3
       2
       4
       4
       3
       6
       5
       2
       5
       3
       5
       8
       5
       7
      10
       5
      17
      16
      11
      12
      13
      12
      15
      25
      17
      19
      21
      15
      23
      16
      19
      11
      12
      17
      12
      14
      16
      19
      17
      10
      11
      18
      23
      26
      14
      16
      19
      18
      25
      22
      22
      14
       7
      15
      15
      23
      20
      14
      21
      15
      25
      17
      23
      20
      16
      14
      17
      16
      15
      14
      12
      16
      14
      10
      24
      18
      14
      17
      14
      13
      15
      19
      13
      23
      25
      15
      11
      14
      17
      14
      15
      11
      16
      14
      15
       8
      18
      21
      19
       6
      17
      13
      12
      23
      13
      17
      15
      12
      12
      22
      18
      16
      17
      13
      16
      21
      16
      12
      16
      14
      15
      18
      18
      15
      11
      21
      13
      13
      21
       8
      14
      11
      18
      17
      13
      24
      16
      12
      16
      21
      10
      16
       9
      12
      17
      18
      10
      17
      13
      22
      11
      21
      19
      17
       8
      10
      29
      13
      19
      13
      21
      19
      19
      17
      16
      21
      22
      10
       9
      10
      21
      22
      21
      16
      13
      15
      19
      14
      10
      18
      11
      14
      19
      20
      15
       9
      10
      19
      18
      15
      29
      14
      14
      19
      18
      17
      20
      16
      15
      13
      13
      18
      13
      16
      16
      20
      12
      17
      23
      18
      13
      17
      19
      20
      20
      14
      14
      11
      12
      14
       8
       5
       6
      12
      12
       7
      10
       6
       9
      12
       7
      10
       5
      10
       9
      11
       5
       2
       7
       5
       5
       6
       8
      10
       7
       3
       8
       7
       5
      10
      12
       3
       4
       5
       6
       4
       2
       9
       5
       6
       6
       4
       7
       6
       4
       7
       3
       7
       3
       6
       5
       7
       2
       5
       7
       7
       6
      10
       8
       4
       9
       7
       2
       3
       4
       4
       3
       9
       3
       5
       3
       2
       5
       5
       4
       2
       6
       2
       4
       4
       8
       9
       6
       5
       6
       3
       3
       4
       4
       3
       4
       5
       6
       6
       2
       4
       5
       3
       3
       4
       3
       0
       5
       1
       3
       1
       3
       5
       5
       3
       5
       4
       6
       2
       1
       2
       6
       1
       3
       4
       7
       1
       4
       2
       2
       4
       3
       3
       2
       4
       3
       5
       4
       2
       1
       3
       7
       6
       4
       2
       5
       3
       2
       7
       4
       1
       3
       3
       4
       2
       5
       6
       4
       3
       2
       4
       5
       1
       3
       3
       1
       5
       2
       1
       5
       3
       4
       0
       4
       4
       5
       2
       3
       5
       3
       1
       6
       1
       5
       3
       1
       2
       2
       2
       4
       2
       5
       4
       0
       1
       4
       3
       0
       3
       4
       2
       4
       4
       0
       2
       3
       6
       2
       4
       0
       4
       3
       3
       4
       2
       3
       4
       0
       4
       7
       4
       0
       4
       0
       3
       2
       1
       1
       2
       9
       0
       1
       5
       1
       3
       0
       0
       4
       2
       2
       2
       3
       3
       3
       3
       2
       0
       4
       1
       2
       1
       5
       2
       0
       2
       3
       0
       0
       2
       1
       1
       3
       5
       0
       2
       1
       3
       3
       1
       2
       0
       6
       2
       3
       5
       3
       2
       4
       2
       2
       5
       0
       0
       0
       2
       0
       2
       1
       1
       2
       2
       2
       3
       2
       5
       4
       3
       1
       2
       6
       4
       3
       3
       1
       1
       2
       1
       2
       3
       1
       1
       1
       1
       2
       2
       2
       0
       4
       0
       2
       1
       0
       2
       2
       2
       0
       1
       2
       1
       3
       1
       2
       1
       1
       1
       1
       2
       2
       2
       1
       2
       4
       1
       0
       0
       3
       2
       2
       0
       3
       3
       2
       1
       3
       0
       1
       5
       2
       3
       2
       2
       6
       0
       1
       0
       1
       3
       2
       3
       2
       1
       3
       1
       1
       1
       1
       0
       0
       0
       2
       2
       5
       3
       2
       3
       3
       0
       4
       1
       2
       1
       0
       0
       3
       1
       2
       3
       0
       1
       2
       2
       1
       5
       3
       4
       1
       2
       1
       2
       1
       0
       2
       4
       0
       3
       3
       1
       4
       1
       2
       0
       2
       1
       2
       3
       0
       2
       0
       1
       0
       2
       0
       2
       1
       1
       0
       0
       4
       0
       0
       1
       1
       2
       2
       0
       4
       2
       2
       3
       1
       4
       2
       2
       0
       1
       1
       0
       2
       1
       2
       4
       2
       2
       0
       0
       0
       0
       0
       2
       1
       1
       3
       1
       2
       3
       3
       0
       0
       4
       1
       1
       3
       1
       0
       0
       1
       3
       0
       2
       1
       0
       2
       1
       3
       0
       2
       3
       0
       3
       1
       0
       1
       1
       1
       4
       3
       0
       0
       3
       0
       0
       1
       0
       2
       1
       2
       1
       0
       4
       0
       1
       1
       1
       3
       1
       1
       0
       0
       1
       2
       1
       1
       2
       0
       0
       2
       1
       2
       2
       0
       2
       1
       0
       0
       2
       1
       1
       1
       0
       2
       0
       1
       0
       2
       2
       1
       4
       2
       0
       1
       0
       0
       1
       2
       2
       2
       3
       1
       1
       0
       1
       0
       1
       2
       0
       3
       2
       0
       2
       1
       0
       1
       0
       1
       2
       4
       1
       3
       0
       1
       0
       4
       2
       0
       0
       0
       3
       1
       3
       0
       1
       0
       1
       1
       4
       1
       3
       0
       3
       0
       1
       1
       2
       2
       0
       2
       0
       1
       2
       0
       2
       0
       1
       1
       0
       1
       0
       1
       0
       1
       3
       1
       2
       3
       0
       0
       0
       0
       0
       1
       0
       1
       2
       0
       1
       0
       0
       2
       1
       0
       0
       1
       1
       0
       0
       0
       1
       3
       0
       2
       1
       1
       0
       1
       3
       0
       2
       1
       0
       0
       1
       1
       4
       3
       4
       1
       0
       1
       1
       2
       1
       0
       0
       0
       2
       0
       1
       2
       1
       0
       0
       0
       0
       0
       0
       0
       0
       0
       0
       0
       0
       0
       0
       0
       0
       0
       0
       0
       0
       0
       0
       0
       0
       0
       0
       0
       0
       0
       0
       0
       0
       0
       0
       0
       0
       0
       0
       0
       0
       0
       0
       0
       0
       0
       0
       0
       0
       0
       0
       0
       0
$ROI:
1
3 1022
$PRESETS:
Live Time
120
0
$ENER_FIT:
-7.505623 1.460325
$MCA_CAL:
3
-7.505623E+000 1.460325E+000 0.000000E+000 keV
$SHAPE_CAL:
3
1.866601E+000 6.279851E-002 0.000000E+000
