$SPEC_ID:
No sample description was entered.
$SPEC_REM:
DET# 18
DETDESC# WD011-04 Easy-MCA-8k SN 13260152
AP# Maestro Version 7.01
$DATE_MEA:
04/21/2017 18:00:10
$MEAS_TIM:
120 120
$DATA:
0 1023
       0
       0
       0
       0
       0
       0
       0
       0
       0
       1
       2
       2
       4
       1
       3
       3
       4
       1
       3
       0
       3
       7
       6
       4
       3
       2
       1
       0
       5
       7
       2
       1
       2
       4
       1
       2
       3
       4
       3
       5
       4
       8
       9
       7
       6
       3
       7
       5
       5
       5
       3
       1
       5
       4
       4
       4
       4
       6
       0
       5
       5
       6
       5
       6
       4
       5
       4
       5
       5
       7
       2
       2
       6
       3
       6
       6
       6
       5
       7
       9
       5
       6
      13
       9
      10
       8
       7
       9
      13
      19
      21
      22
      23
      23
      24
      12
      15
      12
      11
      13
      17
      17
      17
      13
       7
      15
      15
      18
      15
      20
      25
      24
      16
      21
      19
      20
      15
      22
      15
      14
      15
      12
      13
      14
      20
      18
      11
      20
      21
      17
      15
      16
      23
      11
      16
      20
      15
      20
      26
      22
      21
      13
      24
      15
      16
      14
      12
      16
      15
      16
      15
      15
      19
      15
      18
      11
      20
      12
      23
      15
      18
      13
      14
      16
      22
      17
      11
      16
      18
      24
      19
       8
      10
       7
      21
      19
      24
      10
      15
      17
      14
      14
      23
      16
      12
      13
      11
      17
      14
      13
      24
      13
      19
      16
      14
      15
      16
      13
      15
      18
      15
      14
      17
      21
      18
      11
      14
      18
       9
      15
      17
      20
      10
      16
      19
      15
      17
      17
      17
      24
      20
      12
      13
      20
      17
      15
      20
      16
      19
      21
      10
      13
      13
      19
      14
      12
      23
      17
      23
      14
      23
      17
      23
      20
      13
      19
      12
      14
      17
      15
      24
      25
      22
      28
      12
      17
      21
      16
      21
      15
      14
      19
      10
      17
      20
      17
      20
      15
      22
      19
      13
      15
      15
      16
       7
      19
      14
      11
      15
      22
      13
      10
      17
      13
      14
       9
      14
       8
      17
       9
       8
      11
      10
       8
       9
       9
       8
      11
      11
       4
       6
       8
      14
       9
       4
       5
       6
       8
       8
       7
       6
       6
       8
       7
      12
       8
       8
       5
       7
       4
       4
       8
       7
       7
       5
       9
       5
      12
       8
       6
       6
      10
       3
      12
       5
       7
       7
       4
       7
       4
       3
       6
       8
       7
       8
      11
       3
       0
       8
       2
       9
       4
       9
       3
       4
       4
       7
       5
       4
       3
       5
       4
       7
       5
       6
       3
       3
       2
       5
       4
       7
       5
       3
       1
       3
       4
       4
       5
       3
       5
       5
       3
       3
       4
       3
       3
       5
       3
       4
       1
       3
       3
       2
       5
       3
       6
       1
       4
       4
       2
       7
       7
       5
       6
       8
       1
       5
       3
       3
       3
       2
       2
       4
       5
       3
       1
       6
       3
       4
       2
       3
       1
       2
       5
       1
       2
       4
       1
       5
       5
       4
       1
       4
       2
       2
       3
       2
       2
       2
       4
       3
       1
       1
       2
       5
       5
       2
       1
       1
       2
       3
       4
       2
       3
       2
       9
       4
       1
       4
       2
       1
       3
       7
       4
       3
       1
       3
       1
       4
       4
       4
       0
       2
       4
       2
       6
       3
       2
       4
       3
       5
       4
       1
       3
       2
       5
       5
       3
       3
       1
       1
       3
       3
       1
       1
       2
       2
       2
       3
       3
       2
       1
       2
       2
       3
       1
       5
       2
       3
       4
       5
       6
       4
       3
       3
       0
       1
       2
       1
       1
       4
       3
       2
       5
       1
       1
       3
       1
       6
       1
       3
       1
       2
       3
       1
       5
       3
       1
       3
       1
       3
       1
       1
       2
       2
       0
       5
       0
       0
       2
       0
       3
       2
       0
       0
       1
       2
       3
       0
       1
       4
       2
       3
       4
       5
       2
       0
       0
       1
       2
       4
       1
       0
       3
       0
       4
       3
       2
       1
       4
       1
       4
       2
       2
       0
       2
       2
       1
       1
       1
       5
       1
       1
       3
       2
       4
       4
       2
       4
       2
       3
       3
       1
       1
       0
       2
       2
       1
       1
       2
       1
       1
       1
       2
       1
       3
       3
       0
       1
       1
       2
       0
       1
       2
       0
       0
       4
       1
       2
       2
       2
       0
       1
       2
       1
       0
       1
       0
       1
       5
       0
       1
       1
       2
       1
       1
       0
       2
       2
       4
       1
       4
       1
       5
       1
       1
       3
       2
       0
       0
       2
       2
       4
       1
       1
       2
       3
       0
       1
       1
       4
       1
       1
       2
       2
       2
       3
       1
       3
       4
       1
       0
       1
       0
       1
       1
       1
       3
       2
       1
       1
       2
       3
       1
       3
       1
       1
       1
       2
       3
       3
       0
       1
       1
       2
       1
       0
       2
       0
       3
       2
       1
       2
       3
       2
       0
       1
       5
       1
       1
       1
       0
       3
       2
       1
       1
       0
       1
       0
       1
       2
       0
       0
       2
       1
       0
       2
       1
       2
       1
       2
       3
       1
       2
       1
       1
       1
       0
       0
       0
       2
       1
       0
       1
       0
       1
       1
       0
       2
       2
       3
       2
       1
       1
       2
       7
       1
       1
       1
       1
       3
       0
       2
       2
       1
       1
       1
       2
       2
       0
       3
       0
       1
       5
       0
       1
       1
       0
       1
       0
       0
       5
       0
       2
       1
       3
       3
       2
       1
       0
       0
       3
       2
       1
       0
       2
       0
       0
       1
       2
       0
       3
       1
       1
       2
       1
       2
       2
       2
       2
       2
       0
       2
       4
       0
       3
       0
       1
       2
       2
       0
       1
       0
       1
       0
       1
       0
       2
       3
       2
       0
       1
       1
       0
       3
       1
       1
       3
       2
       1
       1
       1
       0
       4
       1
       2
       0
       0
       1
       2
       0
       1
       1
       0
       0
       1
       2
       0
       0
       1
       1
       0
       1
       0
       1
       2
       0
       2
       0
       1
       0
       1
       0
       1
       1
       1
       2
       1
       0
       1
       2
       0
       1
       1
       3
       0
       0
       0
       0
       2
       0
       1
       0
       1
       0
       1
       1
       1
       0
       0
       0
       0
       0
       0
       0
       0
       2
       2
       0
       0
       0
       0
       1
       0
       0
       0
       0
       0
       1
       0
       0
       1
       0
       1
       1
       0
       2
       0
       2
       0
       1
       0
       1
       1
       0
       0
       1
       1
       0
       0
       1
       0
       0
       0
       0
       1
       1
       2
       5
       0
       1
       0
       0
       2
       0
       2
       1
       3
       1
       1
       0
       2
       0
       0
       0
       0
       0
       0
       0
       0
       0
       0
       0
       0
       0
       0
       0
       0
       0
       0
       0
       0
       0
       0
       0
       0
       0
       0
       0
       0
       0
       0
       0
       0
       0
       0
       0
       0
       0
       0
       0
       0
       0
       0
       0
       0
       0
       0
       0
       0
       0
       0
       0
       0
$ROI:
1
3 1022
$PRESETS:
Live Time
120
0
$ENER_FIT:
-7.505623 1.460325
$MCA_CAL:
3
-7.505623E+000 1.460325E+000 0.000000E+000 keV
$SHAPE_CAL:
3
1.866601E+000 6.279851E-002 0.000000E+000
