$SPEC_ID:
No sample description was entered.
$SPEC_REM:
DET# 18
DETDESC# WD011-04 Easy-MCA-8k SN 13260152
AP# Maestro Version 7.01
$DATE_MEA:
04/21/2017 18:28:48
$MEAS_TIM:
120 120
$DATA:
0 1023
       0
       0
       0
       0
       0
       0
       0
       0
       3
       9
       8
       2
       2
       4
       1
       1
       2
       1
       4
       7
       6
       4
       5
       2
       2
       4
       4
       5
       8
       4
       2
       3
       2
       0
       5
       3
       4
       2
       4
       2
       7
       1
       6
       3
       6
       6
       4
       8
       6
       4
       4
       8
       4
       4
       4
       5
       4
       6
       8
       5
       5
       4
      11
      10
       5
       7
       7
       2
       2
       3
       2
       5
       2
       8
       7
       6
       6
       7
       4
       7
       9
      10
       9
       8
       5
      10
      14
      10
      12
      19
      22
      10
      16
      17
      15
      15
      17
      10
      15
      10
       8
      14
      19
      13
      14
      23
      23
      15
      18
      18
      17
      20
      16
      14
      23
      27
      22
      18
      21
      23
      13
      18
      21
      15
      11
      18
      11
      16
      19
      21
      13
      18
      13
      17
      12
      16
      20
      20
      14
      14
      10
      17
      15
      20
      12
      13
      17
      20
      24
      13
      15
      18
      18
      11
      16
      10
      15
      19
      21
      20
      22
      16
      18
      20
      11
      17
      16
      18
      19
      11
      19
      22
      19
      10
      17
      14
      23
      19
      24
      10
      14
      15
      10
      17
      14
      15
      14
      20
      15
      15
      22
      18
      27
      17
      11
      15
      25
      18
      16
      18
      15
      21
      22
      14
      11
      15
      15
      17
      17
      18
      16
      16
      21
      22
      18
      13
      16
      11
      16
      23
       8
      15
      15
      10
      17
      16
      20
      18
      19
      17
      14
      20
      16
      12
      21
      18
      19
      21
      16
      13
      16
      23
      16
      21
      18
      23
      12
      13
      17
      22
      12
      20
      14
      19
      18
      15
      23
      16
      16
      18
      14
      25
      16
      17
      13
      20
      19
      16
      12
      15
      13
      14
      22
      15
      23
      16
      17
      11
       8
      14
      15
      11
      16
       8
      10
       8
      18
      11
       9
      11
       9
       4
       9
      12
       9
       8
       8
      11
       9
      10
      12
       8
       7
      11
      12
       8
       5
      11
       8
      17
      11
       8
       5
       9
       7
       8
       5
       3
       6
       7
       9
       9
       7
       8
       3
       9
       7
       3
       4
       7
       4
       5
      11
       7
       7
       9
       6
       4
       3
      10
       7
       7
       8
       8
       6
       7
       8
       8
       4
       6
       4
       3
       3
       8
       9
       5
       3
       3
       2
       3
       5
       2
       6
       1
       3
       3
       2
       1
       2
       1
       1
       3
       1
       3
       9
       3
       5
       3
       6
       3
       3
       7
       6
       1
       1
       5
       2
       6
       2
       4
       3
       3
       7
       4
       4
       1
       3
       4
       6
       7
       4
       7
       5
       3
       5
       1
       5
       5
       5
       3
       4
       0
       3
       4
       2
       5
       2
       3
       1
       1
       4
       1
       4
       4
       2
       1
       4
       3
       8
       4
       2
       6
       4
       4
       2
       4
       0
       4
       6
       6
       1
       5
       2
       5
       1
       2
       7
       6
       3
       3
       2
       5
       0
       5
       1
       6
       6
       2
       2
       8
       4
       3
       2
       2
       1
       2
       2
       3
       2
       1
       4
       2
       1
       6
       2
       2
       5
       4
       3
       3
       1
       3
       3
       4
       1
       1
       1
       3
       2
       4
       4
       3
       3
       3
       7
       0
       2
       4
       2
       4
       3
       3
       5
       1
       1
       3
       1
       2
       6
       2
       3
       0
       4
       2
       2
       1
       3
       3
       0
       3
       2
       4
       4
       0
       2
       5
       0
       3
       2
       2
       2
       3
       2
       3
       0
       6
       1
       4
       1
       0
       3
       3
       1
       0
       1
       3
       2
       3
       1
       0
       3
       2
       1
       2
       3
       1
       4
       3
       2
       0
       6
       0
       3
       3
       2
       1
       1
       3
       5
       1
       3
       2
       4
       1
       1
       2
       1
       2
       0
       2
       0
       2
       1
       3
       3
       3
       1
       2
       7
       4
       0
       1
       3
       3
       1
       2
       1
       1
       3
       1
       2
       4
       2
       1
       4
       3
       4
       1
       0
       2
       2
       3
       3
       4
       1
       4
       0
       4
       2
       3
       1
       4
       0
       0
       2
       1
       1
       1
       1
       1
       0
       0
       5
       0
       2
       3
       0
       2
       0
       3
       2
       1
       1
       2
       0
       2
       3
       4
       2
       1
       3
       2
       0
       1
       4
       4
       0
       1
       1
       3
       2
       1
       1
       3
       1
       2
       1
       0
       2
       2
       2
       3
       1
       3
       0
       0
       2
       4
       1
       1
       1
       0
       0
       3
       3
       4
       1
       2
       1
       5
       0
       1
       1
       2
       3
       1
       2
       1
       2
       2
       5
       1
       0
       0
       1
       2
       3
       1
       1
       3
       2
       1
       1
       0
       2
       4
       1
       1
       4
       1
       2
       1
       1
       2
       1
       3
       1
       1
       1
       2
       2
       1
       0
       1
       2
       2
       1
       1
       1
       4
       0
       1
       2
       0
       0
       2
       1
       2
       2
       2
       1
       3
       3
       1
       1
       4
       1
       1
       0
       1
       2
       3
       1
       0
       0
       0
       1
       1
       4
       0
       2
       2
       1
       0
       2
       0
       1
       1
       2
       0
       1
       1
       0
       1
       0
       1
       1
       1
       0
       1
       0
       1
       1
       1
       2
       0
       0
       1
       2
       0
       0
       1
       0
       1
       5
       2
       2
       2
       4
       3
       0
       2
       0
       0
       2
       1
       2
       0
       4
       1
       2
       1
       1
       1
       2
       0
       2
       3
       2
       0
       1
       2
       0
       1
       1
       0
       1
       1
       1
       0
       1
       0
       1
       2
       1
       0
       0
       1
       0
       0
       3
       2
       0
       2
       1
       1
       0
       1
       1
       1
       1
       0
       2
       2
       1
       1
       0
       1
       0
       1
       2
       1
       2
       1
       1
       0
       1
       1
       2
       0
       1
       1
       2
       0
       0
       0
       0
       0
       1
       2
       2
       2
       0
       4
       0
       0
       2
       1
       0
       1
       1
       0
       1
       2
       1
       1
       0
       0
       2
       0
       0
       1
       0
       0
       1
       1
       3
       0
       1
       0
       0
       0
       1
       0
       1
       0
       2
       2
       0
       0
       1
       1
       1
       0
       0
       1
       0
       2
       0
       0
       1
       2
       0
       3
       1
       1
       0
       1
       0
       0
       1
       0
       2
       0
       1
       1
       1
       0
       2
       0
       0
       2
       0
       1
       0
       1
       0
       0
       2
       3
       1
       1
       1
       0
       0
       0
       0
       0
       0
       0
       0
       0
       0
       0
       0
       0
       0
       0
       0
       0
       0
       0
       0
       0
       0
       0
       0
       0
       0
       0
       0
       0
       0
       0
       0
       0
       0
       0
       0
       0
       0
       0
       0
       0
       0
       0
       0
       0
       0
       0
       0
       0
       0
       0
$ROI:
1
3 1022
$PRESETS:
Live Time
120
0
$ENER_FIT:
-7.505623 1.460325
$MCA_CAL:
3
-7.505623E+000 1.460325E+000 0.000000E+000 keV
$SHAPE_CAL:
3
1.866601E+000 6.279851E-002 0.000000E+000
