$SPEC_ID:
No sample description was entered.
$SPEC_REM:
DET# 18
DETDESC# WD011-04 Easy-MCA-8k SN 13260152
AP# Maestro Version 7.01
$DATE_MEA:
04/21/2017 18:20:43
$MEAS_TIM:
120 120
$DATA:
0 1023
       0
       0
       0
       0
       0
       0
       0
       0
       0
       5
       2
       1
       5
       2
       4
       0
       4
       2
       2
       3
       4
       1
       2
       1
       3
       7
       1
       9
       4
       4
       0
       5
       3
       5
       9
       9
       1
       4
       6
       5
       4
       7
       5
       3
       6
       2
       2
       8
       7
       8
       7
       8
       4
       1
       5
       7
       1
       7
       5
       3
       1
      11
       6
       9
       4
       8
       7
       6
       8
       5
       8
       6
       6
       3
       4
       6
       5
       7
       4
      12
       5
       5
       1
       5
       7
       7
      12
       7
      21
      17
      13
      19
      25
      16
      12
      18
      15
      12
      14
      10
      19
      11
      13
      10
       5
      11
      18
      19
      26
      20
      17
      14
      17
      21
      14
      12
      20
      23
      17
      12
       8
      22
      12
      18
      17
      15
      20
      17
      20
      11
      13
      17
      22
      12
      13
      19
      18
      13
      10
      15
      12
      21
      16
      18
      14
      10
      17
      15
      14
      13
      12
      12
      16
      20
      15
      16
      17
      17
      11
      14
      15
      21
      13
      15
      17
      17
      12
      16
      15
      17
      22
      19
      19
      16
      20
      17
      21
      17
      21
      14
      16
      23
      15
      11
      14
      21
      15
      24
      10
       7
      11
      12
      13
      13
      13
      16
      15
      18
      20
      24
      15
      22
      21
      24
      19
      22
      10
      10
      12
      13
      19
      19
      19
      20
      16
      22
      23
      24
      15
      13
      20
      13
      21
      17
      19
      22
      24
      17
      18
      14
      20
      16
      17
      14
      15
      14
      15
      12
      18
      15
      23
      15
      15
      13
      11
      11
      14
      11
      18
      13
      22
      10
      15
      12
      25
      14
      16
      18
      13
      24
      21
      19
      27
      16
      11
      21
      12
      16
      18
      17
      16
      13
      23
      25
      18
      15
      16
       9
      17
      10
      18
      15
       9
      18
      13
      12
       8
      19
       9
       8
       8
       7
      13
      11
      11
       5
       5
       7
      11
       8
       5
      13
      11
       7
       5
       6
       9
       6
      10
       6
       7
      11
       4
      10
       5
      15
       9
       4
       6
       5
       6
      14
       9
       9
       8
       7
       3
       7
       4
       2
       8
       7
       6
       8
      11
       7
       8
       8
       4
       6
       0
       5
       7
       3
       5
      10
       5
       9
       6
       6
       3
       8
       4
       2
       6
       5
       8
       4
       5
       6
      10
       4
       4
       4
       2
       6
       7
       5
       4
       5
       2
       1
       7
      11
       2
       5
       2
       5
       1
       8
       2
       7
       5
       4
       3
       3
       4
       3
       7
       6
       4
       1
       4
       2
       4
       2
       3
       4
       2
       3
       5
       2
       2
       2
       3
       3
       3
       4
       4
       4
       7
       4
       4
       6
       3
       5
       9
       3
       7
       4
       1
       3
       6
       2
       2
       3
       3
       5
       2
       3
       1
       4
       0
       7
       3
       3
       3
       5
       1
       4
       4
       5
       1
       1
       6
       2
       1
       5
       1
       3
       2
       1
       1
       2
       3
       1
       3
       4
       2
       3
       2
       6
       0
       3
       2
       1
       3
       1
       5
       2
       5
       5
       1
       5
       3
       1
       1
       5
       3
       2
       1
       3
       2
       1
       3
       4
       1
       3
       4
       1
       1
       3
       2
       1
       2
       1
       2
       3
       1
       2
       2
       1
       4
       4
       3
       2
       2
       3
       1
       3
       3
       1
       1
       3
       2
       4
       2
       2
       1
       2
       2
       1
       1
       3
       4
       3
       0
       0
       1
       4
       1
       0
       3
       1
       0
       4
       1
       4
       1
       1
       3
       2
       2
       2
       3
       1
       1
       3
       1
       2
       3
       1
       4
       0
       2
       1
       1
       2
       3
       0
       1
       2
       3
       2
       0
       0
       1
       3
       0
       0
       2
       0
       1
       2
       3
       1
       0
       3
       4
       2
       4
       1
       3
       4
       1
       7
       3
       4
       0
       2
       4
       1
       1
       0
       1
       1
       1
       2
       2
       3
       2
       3
       3
       1
       0
       4
       3
       0
       0
       1
       1
       3
       2
       1
       1
       1
       4
       0
       0
       1
       1
       0
       1
       2
       2
       0
       1
       3
       5
       3
       1
       2
       1
       1
       3
       0
       1
       3
       1
       3
       2
       2
       0
       0
       0
       1
       1
       1
       4
       2
       0
       3
       1
       1
       1
       2
       0
       1
       0
       2
       2
       2
       2
       2
       2
       3
       0
       2
       1
       4
       2
       2
       1
       2
       1
       1
       3
       0
       1
       0
       1
       3
       1
       0
       1
       3
       2
       0
       4
       2
       3
       2
       1
       2
       0
       0
       2
       2
       0
       2
       3
       1
       3
       0
       3
       0
       2
       2
       3
       1
       1
       2
       0
       3
       3
       1
       2
       1
       2
       1
       2
       2
       0
       1
       1
       3
       2
       2
       2
       3
       0
       1
       3
       2
       0
       1
       3
       0
       0
       0
       1
       1
       2
       3
       1
       1
       2
       1
       0
       3
       1
       4
       2
       0
       4
       0
       2
       1
       2
       4
       0
       1
       2
       3
       1
       2
       0
       0
       1
       3
       5
       2
       0
       3
       0
       1
       0
       1
       1
       0
       1
       1
       3
       0
       1
       2
       1
       0
       1
       1
       2
       2
       1
       2
       0
       1
       2
       3
       0
       2
       3
       2
       3
       2
       1
       1
       2
       3
       2
       0
       1
       1
       0
       0
       0
       1
       2
       2
       1
       1
       0
       3
       2
       2
       0
       1
       2
       0
       0
       2
       0
       0
       1
       1
       1
       2
       0
       1
       1
       0
       2
       2
       1
       0
       1
       1
       2
       1
       1
       0
       1
       0
       3
       3
       0
       1
       4
       0
       1
       2
       0
       0
       1
       1
       1
       1
       0
       1
       0
       3
       3
       1
       1
       1
       0
       1
       3
       0
       0
       2
       0
       1
       1
       0
       2
       0
       1
       0
       2
       1
       1
       0
       0
       1
       0
       1
       2
       1
       1
       1
       1
       2
       1
       0
       4
       0
       1
       0
       1
       2
       2
       3
       0
       1
       0
       1
       2
       0
       0
       0
       1
       0
       0
       1
       0
       2
       2
       3
       1
       2
       0
       0
       0
       3
       0
       2
       0
       1
       0
       2
       1
       0
       1
       2
       3
       0
       1
       0
       2
       1
       2
       3
       0
       2
       2
       0
       0
       1
       0
       3
       1
       2
       0
       1
       0
       1
       1
       1
       2
       2
       1
       0
       0
       0
       0
       0
       0
       0
       0
       0
       0
       0
       0
       0
       0
       0
       0
       0
       0
       0
       0
       0
       0
       0
       0
       0
       0
       0
       0
       0
       0
       0
       0
       0
       0
       0
       0
       0
       0
       0
       0
       0
       0
       0
       0
       0
       0
       0
       0
       0
       0
       0
       0
       0
$ROI:
1
3 1022
$PRESETS:
Live Time
120
0
$ENER_FIT:
-7.505623 1.460325
$MCA_CAL:
3
-7.505623E+000 1.460325E+000 0.000000E+000 keV
$SHAPE_CAL:
3
1.866601E+000 6.279851E-002 0.000000E+000
