$SPEC_ID:
No sample description was entered.
$SPEC_REM:
DET# 18
DETDESC# WD011-04 Easy-MCA-8k SN 13260152
AP# Maestro Version 7.01
$DATE_MEA:
04/21/2017 18:42:35
$MEAS_TIM:
120 120
$DATA:
0 1023
       0
       0
       0
       0
       0
       0
       0
       0
       0
       4
       3
       5
       5
       3
       3
       7
       4
       4
       4
       2
       4
       1
       5
       4
       1
       0
       6
       4
       2
       4
       5
       1
       3
       6
       2
       3
       2
       5
       1
       4
       4
       4
       6
       3
       8
       6
       8
       7
       7
       7
       6
      11
       4
       6
       6
       3
       3
       2
       2
       0
       4
       4
       3
       7
       3
       1
       4
       2
       5
       5
      10
       8
      11
       3
       2
       8
       2
       7
      13
       3
       7
       6
       5
       9
       9
       6
      14
      10
      13
      14
      19
      23
      22
      26
      25
      21
       5
      24
      13
      14
      18
      10
      11
      18
      10
      13
      16
      14
      16
      24
      25
      19
      15
      20
      20
      20
      19
      24
      33
      14
      16
      21
      18
      15
      24
      14
      22
      20
      13
      13
      17
      12
      16
      16
      20
      12
      15
      20
      15
      22
      10
      12
      11
      11
      18
      18
      23
      20
      20
      12
      13
      12
      10
      22
      15
      21
      13
      11
       5
      20
      14
      19
      12
      14
      21
      17
      18
      17
      20
      16
      23
      25
      20
      14
      23
      13
      13
      23
      11
      15
      13
      15
      15
      19
      18
      17
      15
      16
      17
      19
      14
      14
      16
      20
      15
      15
      12
      18
      15
      17
      21
      15
       8
      14
      18
      16
      19
       9
      12
      15
      23
      22
      11
      15
      16
      13
      12
      21
      13
      22
      15
      15
      19
      22
      12
      13
      16
      18
      23
      14
      15
      15
      13
      14
      21
      17
      19
      14
      24
      20
      19
      17
      11
      12
      26
      18
      11
      11
      24
      10
      15
      15
      12
      19
      16
      17
       9
      23
      22
      16
      20
      20
      13
      19
      12
      22
      16
      16
      24
      17
      13
      16
      23
      20
      15
      16
      15
      14
      15
      18
      15
      15
      11
       9
      11
       6
      11
      12
      13
      12
      12
       9
       5
       5
       7
      10
       8
       9
       8
       9
      13
      11
       9
       4
       6
       9
       7
      14
       4
       8
       8
      11
      10
       4
       7
       9
      10
       7
      11
       4
       9
       5
       6
       5
       9
       6
       3
       9
       6
       6
       6
       9
       3
       8
       3
       8
       2
       7
       9
      13
       5
       8
       3
       8
       5
       6
       6
       7
       4
       4
       9
       3
       8
       6
       4
       8
       5
       6
       3
       4
       4
       6
       3
       4
       4
       6
       4
      10
       7
       6
      10
       5
       3
       5
       3
       2
       6
       7
       5
       2
       6
       7
       3
       5
       3
       4
       6
       9
       2
       1
       6
       2
       0
       6
       6
       4
       3
       5
       5
       1
       0
       6
       2
       4
       5
       3
       4
       6
       3
       5
       5
       2
       5
       3
       3
       1
       4
       4
       4
       4
       5
       4
       5
       5
       5
       7
       2
       1
       3
       2
       1
       2
       3
       3
       8
       2
       3
       5
       2
       1
       4
       4
       3
       2
       3
       2
       1
       3
       5
       1
       1
       2
       4
       7
       2
       4
       2
       2
       5
       3
       4
       3
       3
       4
       5
       5
       2
       3
       3
       3
       7
       1
       2
       2
       7
       3
       1
       6
       3
       2
       1
       2
       4
       4
       2
       2
       5
       3
       4
       3
       5
       2
       3
       3
       2
       3
       1
       0
       1
       0
       1
       2
       3
       3
       5
       2
       1
       5
       1
       4
       3
       2
       2
       3
       1
       0
       2
       1
       6
       2
       1
       6
       0
       1
       2
       1
       3
       0
       1
       1
       1
       0
       4
       1
       1
       3
       2
       1
       3
       0
       1
       3
       2
       3
       2
       3
       6
       1
       3
       2
       1
       1
       5
       1
       6
       4
       3
       1
       1
       3
       3
       0
       0
       0
       0
       1
       0
       3
       0
       4
       2
       1
       0
       1
       1
       5
       1
       3
       2
       2
       3
       2
       3
       3
       2
       1
       0
       5
       1
       1
       1
       2
       1
       1
       2
       2
       2
       1
       4
       0
       2
       1
       1
       1
       0
       2
       3
       2
       1
       2
       2
       2
       2
       1
       3
       1
       1
       2
       2
       2
       1
       3
       2
       1
       1
       1
       2
       5
       2
       3
       0
       0
       1
       0
       1
       4
       2
       3
       2
       1
       2
       2
       2
       2
       1
       1
       1
       1
       2
       2
       1
       1
       1
       2
       1
       3
       1
       0
       3
       1
       4
       2
       3
       3
       4
       5
       0
       1
       0
       3
       1
       4
       2
       2
       4
       0
       1
       2
       2
       2
       1
       3
       1
       0
       2
       2
       0
       0
       3
       4
       1
       0
       2
       4
       1
       2
       1
       1
       4
       2
       0
       0
       1
       2
       3
       4
       1
       3
       0
       0
       2
       3
       3
       3
       3
       0
       2
       0
       2
       3
       1
       1
       1
       1
       2
       1
       0
       0
       0
       1
       2
       1
       2
       4
       0
       1
       4
       1
       2
       0
       1
       1
       4
       1
       3
       1
       0
       0
       2
       0
       1
       2
       0
       1
       2
       0
       1
       1
       0
       1
       1
       3
       2
       0
       1
       2
       1
       1
       0
       1
       3
       2
       0
       0
       1
       1
       0
       1
       2
       1
       0
       1
       1
       4
       1
       0
       0
       0
       0
       0
       0
       1
       0
       2
       3
       0
       1
       1
       1
       2
       1
       0
       1
       2
       2
       2
       1
       2
       0
       2
       1
       4
       0
       2
       2
       1
       1
       1
       2
       4
       0
       1
       3
       3
       3
       0
       1
       1
       2
       3
       0
       1
       2
       1
       1
       3
       0
       2
       1
       2
       0
       0
       3
       2
       1
       2
       2
       1
       3
       1
       1
       1
       1
       2
       2
       0
       3
       1
       0
       0
       2
       1
       1
       1
       0
       0
       0
       1
       1
       0
       1
       2
       1
       1
       1
       1
       0
       0
       1
       1
       1
       1
       1
       1
       0
       0
       0
       2
       0
       0
       2
       0
       1
       0
       1
       1
       0
       0
       3
       2
       0
       2
       1
       1
       0
       1
       1
       0
       0
       0
       2
       1
       1
       1
       0
       1
       0
       0
       1
       1
       0
       1
       0
       1
       2
       0
       2
       1
       0
       1
       1
       1
       1
       0
       0
       1
       1
       2
       0
       2
       0
       2
       0
       0
       1
       0
       0
       1
       1
       2
       0
       2
       1
       0
       0
       0
       2
       1
       0
       0
       1
       1
       0
       0
       1
       0
       0
       1
       1
       0
       2
       0
       0
       0
       0
       0
       0
       0
       0
       0
       0
       0
       0
       0
       0
       0
       0
       0
       0
       0
       0
       0
       0
       0
       0
       0
       0
       0
       0
       0
       0
       0
       0
       0
       0
       0
       0
       0
       0
       0
       0
       0
       0
       0
       0
       0
       0
       0
       0
       0
       0
       0
       0
       0
$ROI:
1
3 1022
$PRESETS:
Live Time
120
0
$ENER_FIT:
-7.505623 1.460325
$MCA_CAL:
3
-7.505623E+000 1.460325E+000 0.000000E+000 keV
$SHAPE_CAL:
3
1.866601E+000 6.279851E-002 0.000000E+000
