$SPEC_ID:
No sample description was entered.
$SPEC_REM:
DET# 18
DETDESC# WD011-04 Easy-MCA-8k SN 13260152
AP# Maestro Version 7.01
$DATE_MEA:
04/21/2017 18:34:53
$MEAS_TIM:
120 120
$DATA:
0 1023
       0
       0
       0
       0
       0
       0
       0
       0
       0
       5
       1
       0
       1
       3
       4
       3
       2
       2
       1
       2
       1
       4
       6
       4
       3
       6
       2
       3
       3
       5
       3
       3
       3
       5
       1
       4
       4
       6
       2
       3
       3
       4
       4
       1
       6
       9
       7
       7
       3
       5
       8
       5
       7
       4
       3
       2
       7
       4
       5
       5
       5
       5
       3
       6
       7
       4
       3
       6
       2
       3
       9
       5
       4
       2
       6
       3
       5
       6
       7
       3
       6
       6
       6
       4
      11
      15
      12
      13
      12
      14
      21
      16
      12
      18
      17
      19
      18
      13
      18
      10
       9
      17
      17
      13
      14
      15
      10
      22
      22
      24
      26
      37
      21
      27
      19
      29
      18
      20
      25
      16
      15
      24
      16
      16
      18
      13
      21
      23
      25
      17
      15
      17
      30
      18
      17
      15
      14
      15
      14
      15
      19
      23
      10
      10
      16
      13
      13
      12
      22
      14
      11
      13
      15
      16
      17
      12
      11
      16
      19
      23
      13
      14
      17
      16
      15
      10
      12
      12
      16
      12
      25
      11
      20
      11
      18
      21
      15
      18
      12
      17
      17
      16
      19
      15
      18
      17
      20
      18
      20
      11
      19
      15
      10
      17
      11
      18
      14
      13
      23
      17
      12
      15
      20
      18
      21
      17
      15
      16
      13
       9
      19
      14
      16
      18
      18
      15
      14
      24
      11
      22
      15
      24
      20
      16
      13
      25
      21
      17
      19
      13
      18
      20
      29
      15
      23
       8
      11
      13
      18
      19
      12
      16
      15
      17
      17
      18
      18
      21
      23
      13
      19
      26
      17
      21
      16
      13
      29
      15
      16
      20
      20
      14
      21
      22
      23
      16
      17
      18
      13
      23
      15
      14
      16
      12
      16
      11
      11
       9
      22
      19
      17
       8
      16
      15
      15
      12
      10
      10
      18
       8
       7
      11
       9
       9
      19
       8
       4
       7
      14
       6
       8
      11
       5
       9
       6
       8
      12
       5
       8
      10
       3
       2
       6
       5
       7
       4
       6
       5
       9
       7
      11
       9
      13
       4
       4
       7
       5
       9
       8
       7
       8
       6
       7
      10
       7
       8
       6
       5
       7
       7
       6
       7
       1
       5
       5
       6
       3
       4
       2
       7
       4
       5
       6
       2
       4
       5
       4
       8
       5
       8
       6
       5
       9
       9
       6
       4
       6
       2
       3
       2
       2
       1
       4
       4
       5
       8
       7
       3
       9
      10
       4
       7
       6
       6
       7
       4
       2
       3
       4
       3
       6
       1
       6
       6
       2
       5
      11
       6
       3
      10
       2
      12
       4
       5
       8
       5
       5
       9
       4
       4
       3
       2
       4
       3
       4
       3
       6
       4
       5
       1
       3
       2
       2
       4
       5
       4
       2
       4
       6
       2
       5
       5
       2
       5
       7
       3
       1
       4
       4
       2
       1
       3
       3
       1
       3
       3
       2
       1
       4
       4
       5
       3
       1
       0
       1
       4
       6
       0
       3
       1
       3
       6
       2
       4
       5
       4
       3
       3
       7
       1
       4
       1
       1
       5
       4
       4
       3
       3
       2
       0
       2
       3
       5
       2
       1
       2
       1
       5
       1
       1
       4
       3
       3
       4
       2
       4
       1
       2
       3
       2
       1
       4
       3
       1
       3
       1
       5
       3
       3
       2
       4
       2
       2
       4
       1
       4
       5
       3
       1
       2
       2
       4
       2
       0
       2
       5
       2
       2
       1
       0
       4
       3
       0
       1
       1
       1
       1
       0
       1
       1
       2
       2
       1
       0
       3
       3
       1
       1
       2
       3
       3
       3
       0
       1
       1
       1
       3
       6
       2
       1
       5
       1
       3
       2
       2
       1
       0
       1
       4
       2
       4
       1
       2
       2
       0
       1
       5
       5
       2
       0
       3
       2
       1
       1
       2
       1
       2
       0
       2
       1
       0
       0
       4
       0
       1
       2
       2
       0
       3
       1
       0
       4
       0
       3
       1
       1
       2
       1
       2
       2
       1
       2
       2
       1
       1
       1
       2
       2
       2
       3
       0
       4
       2
       1
       2
       1
       1
       0
       2
       1
       1
       2
       0
       3
       5
       2
       2
       1
       1
       0
       6
       1
       0
       1
       2
       2
       2
       0
       4
       1
       0
       4
       1
       2
       1
       2
       2
       0
       1
       1
       3
       2
       0
       0
       4
       3
       1
       3
       1
       0
       1
       3
       2
       1
       0
       0
       0
       1
       1
       0
       1
       2
       3
       3
       1
       3
       1
       1
       2
       0
       1
       2
       0
       0
       0
       0
       1
       1
       2
       1
       3
       0
       1
       1
       1
       1
       0
       1
       1
       2
       2
       4
       2
       0
       2
       0
       0
       1
       1
       3
       2
       2
       3
       0
       1
       2
       2
       3
       2
       1
       0
       1
       1
       1
       1
       0
       1
       1
       0
       3
       1
       4
       2
       1
       1
       0
       2
       2
       3
       3
       3
       4
       1
       2
       1
       2
       0
       2
       1
       0
       0
       0
       0
       3
       0
       1
       1
       0
       2
       0
       0
       1
       2
       3
       1
       2
       1
       1
       1
       0
       2
       0
       2
       0
       2
       3
       1
       3
       0
       2
       0
       1
       0
       0
       3
       1
       6
       2
       1
       1
       2
       1
       0
       1
       0
       1
       0
       2
       0
       3
       3
       2
       1
       0
       6
       3
       0
       3
       2
       2
       1
       2
       1
       1
       3
       0
       1
       1
       1
       3
       1
       0
       1
       2
       0
       3
       3
       1
       2
       1
       0
       0
       0
       4
       1
       3
       0
       0
       2
       0
       1
       0
       1
       3
       2
       2
       1
       3
       1
       0
       1
       4
       2
       1
       1
       2
       1
       0
       0
       1
       2
       0
       1
       1
       1
       0
       2
       0
       1
       0
       0
       1
       2
       2
       0
       0
       0
       3
       1
       2
       2
       3
       0
       0
       2
       0
       0
       1
       1
       1
       1
       1
       1
       0
       0
       1
       1
       1
       5
       1
       0
       0
       0
       1
       1
       1
       2
       1
       0
       0
       1
       0
       0
       0
       0
       1
       3
       0
       1
       0
       1
       2
       1
       1
       0
       1
       0
       3
       1
       1
       0
       2
       1
       1
       2
       1
       0
       0
       2
       0
       3
       1
       0
       2
       2
       1
       0
       0
       0
       1
       2
       0
       1
       0
       2
       0
       2
       2
       1
       1
       0
       1
       0
       0
       0
       0
       0
       0
       0
       0
       0
       0
       0
       0
       0
       0
       0
       0
       0
       0
       0
       0
       0
       0
       0
       0
       0
       0
       0
       0
       0
       0
       0
       0
       0
       0
       0
       0
       0
       0
       0
       0
       0
       0
       0
       0
       0
       0
       0
       0
       0
       0
       0
       0
$ROI:
1
3 1022
$PRESETS:
Live Time
120
0
$ENER_FIT:
-7.505623 1.460325
$MCA_CAL:
3
-7.505623E+000 1.460325E+000 0.000000E+000 keV
$SHAPE_CAL:
3
1.866601E+000 6.279851E-002 0.000000E+000
