$SPEC_ID:
No sample description was entered.
$SPEC_REM:
DET# 18
DETDESC# WD011-04 Easy-MCA-8k SN 13260152
AP# Maestro Version 7.01
$DATE_MEA:
04/21/2017 18:38:43
$MEAS_TIM:
120 120
$DATA:
0 1023
       0
       0
       0
       0
       0
       0
       0
       0
       0
       0
       5
       1
       3
       3
       4
       0
       4
       3
       3
       2
       4
       2
       1
       3
       6
       2
       5
       2
       4
       3
       3
       5
       2
       3
       3
       2
       2
       4
       3
       5
       3
       8
       5
       7
       6
       6
       7
       9
       8
       5
       5
       1
       7
       3
       5
       7
       3
       4
       7
       0
       7
       4
       6
       7
       6
       4
       2
       5
       8
       5
       5
       8
       5
       4
       6
       8
       2
       8
       7
       5
       6
      11
       7
      13
       9
       7
      11
      10
      17
      18
      15
      16
      17
      23
      17
      16
      19
      13
      14
       8
      12
      11
       8
      11
       8
      14
      17
      17
      25
      22
      25
      29
      25
      18
      24
      21
      21
      14
      22
      13
      15
      20
      18
      22
      21
      12
      16
      21
      25
      20
      20
      19
      11
      15
      22
      12
      15
      21
      14
      12
      13
      15
      12
      17
       7
      17
      17
      13
      12
      21
       9
      11
      16
      17
      19
      11
      17
      12
      18
      23
      20
      12
      12
      13
      16
      12
      16
      27
      14
       9
      11
      18
      19
      15
      18
      15
      17
      14
      14
      13
      12
      16
      22
      18
      11
      19
      17
      13
      19
      23
      19
      17
      12
      21
      14
      16
      17
      19
      17
      13
      19
      14
      15
       9
      18
      19
      11
      18
      21
      21
      23
      13
      14
      23
      17
      13
      19
      23
      17
      19
      21
      22
      11
      17
      15
      17
      14
      18
      23
       9
       7
      24
       6
      13
      20
      18
      15
      22
      18
      16
      12
       9
      18
      10
      17
      18
      13
      21
      10
      12
      16
      23
      11
      23
      13
      14
      23
      18
      20
      21
      22
      15
      17
      22
      23
      15
      15
      18
      21
      14
      11
      21
      18
      13
      15
      17
      16
       9
      18
      18
      14
      14
      12
      13
      11
       6
      16
      11
       8
      12
       9
      10
      12
       9
      11
      11
       7
       6
       4
       5
       6
       6
      10
       9
       8
      10
       2
       5
       9
       6
       5
       4
       9
      13
       9
       5
       8
      12
       5
       8
       2
       5
      11
       7
       9
      10
       4
       0
       9
       2
       8
       7
       5
       5
       5
       8
       2
       6
       8
       7
       6
       8
       6
       4
       7
       4
       3
       8
       6
       8
       7
       6
       6
       4
       4
       5
       3
       6
       9
       5
       0
       6
       6
       7
       4
       4
       5
       6
       6
       5
       2
       7
       2
       8
       6
       6
       8
       6
       9
       2
       9
       8
       3
       3
       1
       5
       7
       4
       4
       4
       8
       4
       4
       8
       6
       4
       4
       6
       3
       3
       3
       6
       2
       3
       4
       8
       2
       2
       1
       3
       2
       2
       4
       4
       5
       6
       5
       3
       2
       3
       4
       4
       4
       5
       1
       3
       2
       4
       8
       4
       1
       6
       7
       2
       2
       3
       2
       2
       3
       4
       2
       2
       2
       2
       4
       3
       6
       5
       3
       3
       3
       3
       0
       1
       3
       3
       2
       6
       2
       1
       3
       2
       0
       3
       5
       1
       2
       2
       2
       3
       3
       7
       1
       0
       2
       6
       0
       3
       3
       8
       4
       3
       1
       2
       7
       2
       2
       2
       2
       6
       6
       4
       2
       3
       2
       2
       2
       5
       3
       3
       2
       5
       0
       3
       3
       8
       3
       1
       2
       1
       3
       5
       2
       2
       1
       4
       4
       2
       3
       0
       4
       0
       0
       2
       1
       2
       0
       1
       4
       1
       1
       0
       2
       1
       3
       3
       6
       2
       1
       1
       5
       3
       1
       3
       1
       0
       1
       1
       4
       1
       1
       3
       2
       3
       3
       3
       1
       1
       0
       2
       2
       3
       3
       3
       2
       3
       2
       4
       1
       1
       5
       0
       1
       3
       2
       2
       2
       3
       0
       1
       0
       2
       2
       3
       1
       1
       1
       1
       3
       4
       1
       3
       4
       1
       2
       0
       2
       1
       3
       2
       0
       1
       3
       0
       1
       2
       2
       2
       2
       0
       1
       4
       1
       0
       4
       3
       1
       2
       4
       1
       1
       5
       2
       0
       3
       2
       0
       4
       0
       0
       1
       2
       2
       2
       2
       0
       1
       3
       2
       0
       0
       0
       1
       2
       2
       2
       0
       0
       3
       1
       1
       0
       2
       0
       1
       1
       0
       2
       1
       2
       3
       0
       2
       4
       2
       1
       2
       3
       1
       1
       3
       0
       3
       1
       1
       0
       2
       0
       1
       0
       3
       0
       3
       3
       0
       2
       5
       2
       1
       2
       1
       3
       4
       1
       1
       2
       2
       4
       2
       0
       1
       1
       2
       2
       5
       3
       0
       3
       1
       2
       5
       3
       0
       0
       1
       2
       2
       1
       1
       3
       1
       2
       3
       1
       0
       2
       0
       0
       4
       1
       1
       4
       2
       1
       0
       1
       3
       1
       0
       2
       2
       1
       2
       0
       0
       1
       0
       1
       0
       0
       0
       5
       1
       2
       2
       0
       2
       1
       1
       0
       2
       2
       1
       2
       0
       3
       1
       1
       1
       1
       2
       0
       0
       1
       0
       0
       0
       1
       1
       0
       0
       1
       0
       1
       2
       1
       1
       3
       2
       0
       0
       0
       1
       0
       3
       0
       3
       1
       3
       1
       0
       0
       4
       1
       0
       0
       1
       3
       1
       1
       0
       1
       2
       2
       2
       1
       3
       1
       0
       0
       2
       2
       1
       0
       5
       1
       0
       0
       0
       2
       2
       0
       3
       0
       1
       2
       2
       0
       3
       1
       0
       3
       0
       1
       0
       2
       0
       0
       1
       0
       1
       2
       2
       2
       2
       1
       1
       1
       1
       1
       0
       2
       1
       2
       3
       2
       1
       3
       1
       0
       1
       0
       1
       1
       0
       0
       1
       1
       1
       2
       2
       1
       1
       1
       0
       1
       5
       0
       0
       2
       0
       0
       0
       1
       1
       0
       0
       2
       1
       0
       1
       1
       1
       1
       1
       0
       0
       0
       2
       2
       0
       1
       0
       2
       0
       2
       1
       1
       1
       0
       0
       0
       1
       1
       0
       0
       1
       1
       0
       1
       1
       1
       1
       0
       1
       1
       1
       0
       0
       0
       1
       0
       2
       1
       0
       2
       1
       1
       2
       1
       0
       1
       0
       0
       0
       1
       0
       1
       2
       0
       2
       1
       0
       0
       2
       1
       1
       2
       0
       1
       0
       1
       0
       0
       0
       0
       0
       0
       0
       0
       0
       0
       0
       0
       0
       0
       0
       0
       0
       0
       0
       0
       0
       0
       0
       0
       0
       0
       0
       0
       0
       0
       0
       0
       0
       0
       0
       0
       0
       0
       0
       0
       0
       0
       0
       0
       0
       0
       0
       0
       0
       0
       0
       0
$ROI:
1
3 1022
$PRESETS:
Live Time
120
0
$ENER_FIT:
-7.505623 1.460325
$MCA_CAL:
3
-7.505623E+000 1.460325E+000 0.000000E+000 keV
$SHAPE_CAL:
3
1.866601E+000 6.279851E-002 0.000000E+000
