$SPEC_ID:
No sample description was entered.
$SPEC_REM:
DET# 18
DETDESC# WD011-04 Easy-MCA-8k SN 13260152
AP# Maestro Version 7.01
$DATE_MEA:
04/21/2017 18:52:00
$MEAS_TIM:
120 120
$DATA:
0 1023
       0
       0
       0
       0
       0
       0
       0
       0
       0
       3
       3
       2
       4
       4
       2
       2
       3
       3
       5
       4
       3
       3
       3
       3
       3
       2
       2
       1
       8
       2
       6
       2
       4
       3
       4
       3
       4
       3
       4
      10
       8
       1
       3
       7
       5
      10
      10
       2
       9
       8
       6
       9
       5
       6
       7
       3
       4
       3
       8
       6
       8
       7
       2
       3
       3
       9
       5
       6
       6
       5
      10
       5
       6
       4
       4
       6
       6
       8
       6
      10
       5
       8
       7
      12
      11
      12
       6
       8
      16
      19
      21
      17
      18
      25
      16
      15
      11
      15
      15
       6
       6
      16
      14
      11
      12
      17
      22
      21
      17
      22
      18
      20
      17
      20
      20
      21
      19
      14
      20
      16
      14
      14
      10
      22
      19
      11
      16
      20
      17
      14
      15
      22
      16
      25
      24
      11
      14
      13
      20
      16
      10
      18
      19
      20
      17
      11
       9
      13
      11
      20
      13
      12
      16
      16
      15
      12
      14
      15
      11
      16
      20
      11
      14
      18
      16
      12
      18
       9
      14
      21
      16
      19
      13
      13
      18
      14
      16
      13
      15
      17
      21
      16
      11
      12
      18
      27
       9
       9
      17
      15
      17
      18
      17
      16
      15
      22
      17
      13
      12
      16
      17
      19
      15
      20
      13
      21
      12
      23
      13
      17
      20
      14
      17
      12
      11
      13
      16
      18
      26
      31
      18
      17
      12
      27
       9
      20
      17
      19
      13
      25
      19
      15
      16
      13
      13
      14
      18
      11
      25
      17
      15
      19
      10
      18
      20
      17
      24
      16
      24
      21
      16
      12
      14
      14
      17
      30
      24
      18
      20
      26
      15
      16
      19
      24
      24
      11
      16
      16
      18
      27
      19
      17
      15
      11
      20
      10
      16
      13
      12
       8
      18
      16
      17
       6
      20
      13
       7
      13
      10
       9
       9
      10
       6
      12
      10
       6
      13
       7
       9
      13
      10
      12
       6
       9
       8
       8
      11
       7
      13
      10
       5
       7
       8
       9
      10
       9
       9
       5
       5
       8
       8
       6
       6
       4
       0
       6
       5
       4
       6
       3
       8
       3
       9
       6
       8
       9
       5
       6
       9
       3
       9
      16
       8
       3
      10
       9
       5
      10
       3
       4
       3
       7
       6
       1
       5
       5
       7
       8
       6
       7
       5
       4
       5
       4
       4
       4
       2
       5
       8
       5
       9
       8
       5
       3
       5
       5
       5
       6
       8
       5
       4
       3
       5
       3
       4
       4
       1
       4
       5
       6
       5
       4
       3
       6
       2
       7
       2
       2
       9
       2
       6
       5
       2
       2
       1
       4
       2
       4
       4
       5
       3
       1
       6
       9
       2
       4
       4
       6
       2
       4
       2
       1
       2
       5
       4
       3
       5
       2
       1
       5
       4
       1
       4
       2
       6
       3
       6
       3
       4
       4
       5
       4
       3
       4
       2
       3
       4
       4
       2
       4
       8
       6
       2
       2
       8
       2
       4
       3
       5
       3
       1
       4
       1
       3
       3
       8
       3
       2
       1
       4
       2
       2
       2
       0
       3
       4
       2
       2
       1
       5
       5
       6
       3
       2
       1
       4
       3
       4
       4
       2
       2
       1
       1
       2
       3
       3
       2
       1
       2
       0
       2
       2
       2
       4
       6
       0
       2
       2
       5
       3
       3
       1
       0
       2
       1
       2
       2
       5
       1
       2
       1
       3
       3
       1
       5
       1
       0
       2
       2
       4
       3
       2
       1
       1
       1
       1
       3
       1
       2
       1
       3
       1
       2
       1
       2
       1
       1
       2
       1
       0
       3
       1
       3
       1
       2
       2
       1
       0
       2
       0
       1
       2
       3
       2
       1
       4
       2
       4
       1
       2
       1
       3
       4
       3
       5
       2
       2
       0
       1
       2
       4
       1
       3
       3
       0
       3
       0
       2
       2
       2
       1
       1
       3
       4
       0
       1
       2
       1
       3
       4
       1
       0
       1
       0
       2
       2
       1
       3
       6
       0
       0
       2
       0
       0
       1
       3
       1
       2
       1
       2
       2
       1
       2
       3
       3
       1
       1
       2
       3
       2
       1
       0
       4
       5
       3
       2
       1
       1
       5
       1
       3
       4
       3
       6
       1
       1
       1
       0
       0
       1
       0
       1
       0
       1
       3
       0
       2
       2
       3
       1
       1
       1
       3
       4
       2
       2
       2
       1
       0
       0
       0
       0
       0
       3
       2
       2
       0
       1
       1
       1
       0
       0
       2
       2
       0
       2
       2
       2
       1
       2
       2
       0
       1
       0
       1
       2
       1
       1
       1
       1
       0
       1
       1
       0
       0
       2
       1
       2
       1
       3
       2
       1
       1
       0
       2
       3
       2
       1
       1
       1
       1
       1
       0
       0
       1
       1
       0
       4
       1
       0
       2
       0
       0
       0
       1
       3
       2
       2
       1
       0
       2
       1
       1
       0
       1
       1
       4
       1
       0
       1
       1
       0
       1
       0
       1
       3
       1
       0
       1
       0
       2
       2
       2
       2
       2
       2
       0
       1
       1
       2
       1
       0
       0
       0
       3
       1
       4
       0
       2
       1
       0
       0
       2
       0
       1
       1
       3
       1
       1
       4
       1
       3
       3
       0
       1
       0
       1
       0
       1
       2
       1
       0
       1
       0
       3
       1
       1
       1
       1
       1
       1
       0
       1
       3
       1
       1
       1
       2
       2
       0
       0
       1
       1
       2
       0
       0
       1
       0
       1
       0
       2
       1
       3
       0
       2
       0
       4
       1
       0
       0
       0
       1
       0
       0
       0
       6
       1
       0
       0
       1
       3
       1
       0
       2
       1
       2
       0
       1
       0
       2
       2
       0
       1
       1
       0
       1
       0
       5
       0
       1
       1
       1
       1
       0
       2
       1
       1
       3
       2
       2
       0
       0
       0
       0
       1
       2
       2
       2
       0
       0
       0
       0
       2
       2
       1
       1
       0
       2
       1
       2
       0
       0
       3
       1
       0
       0
       0
       0
       0
       1
       1
       2
       1
       1
       2
       2
       0
       1
       1
       0
       1
       2
       1
       1
       0
       2
       0
       2
       4
       2
       0
       2
       3
       2
       0
       1
       0
       1
       2
       5
       2
       2
       1
       1
       1
       1
       0
       2
       1
       0
       0
       0
       0
       1
       2
       0
       1
       2
       1
       0
       2
       1
       0
       1
       1
       3
       1
       1
       3
       0
       2
       1
       0
       0
       0
       0
       0
       0
       0
       0
       0
       0
       0
       0
       0
       0
       0
       0
       0
       0
       0
       0
       0
       0
       0
       0
       0
       0
       0
       0
       0
       0
       0
       0
       0
       0
       0
       0
       0
       0
       0
       0
       0
       0
       0
       0
       0
       0
       0
       0
       0
       0
       0
       0
$ROI:
1
3 1022
$PRESETS:
Live Time
120
0
$ENER_FIT:
-7.505623 1.460325
$MCA_CAL:
3
-7.505623E+000 1.460325E+000 0.000000E+000 keV
$SHAPE_CAL:
3
1.866601E+000 6.279851E-002 0.000000E+000
