$SPEC_ID:
No sample description was entered.
$SPEC_REM:
DET# 18
DETDESC# WD011-04 Easy-MCA-8k SN 13260152
AP# Maestro Version 7.01
$DATE_MEA:
04/21/2017 18:24:32
$MEAS_TIM:
120 120
$DATA:
0 1023
       0
       0
       0
       0
       0
       0
       0
       0
       0
       1
       4
       1
       0
       1
       2
       4
       4
       3
       3
       1
       1
       2
       4
       2
       5
       3
       6
       2
       3
       4
       3
       4
       5
       6
       6
       2
       4
       9
       5
       7
       2
       6
       7
       6
      10
       8
       4
       6
       9
       8
       7
       4
       2
       4
       8
       3
       7
       3
       0
       5
       8
       8
       3
       3
       5
       5
       5
      12
       4
       8
       7
       6
       6
       4
       3
       5
       9
       5
       6
       7
      11
      10
       8
      12
      12
      11
      15
      14
      26
       9
      12
      17
      15
      16
      21
      18
      18
      17
      16
      11
      15
      11
      12
      14
      16
      10
      25
      17
      18
      22
      25
      23
      26
      25
      17
      29
      21
      20
      23
      20
      16
      16
      20
       8
      17
      10
      14
      15
      15
      17
      15
      20
      18
      17
      17
      20
      24
      16
       8
      15
      14
      16
      14
      14
      18
      21
      13
      11
       7
      12
      13
      17
       8
      15
      20
      18
      19
      10
      14
      17
       9
      17
      12
      21
      14
      21
      17
      16
      10
      14
      14
      18
      14
      12
      15
      17
       9
      14
      22
      19
      13
      20
      12
      19
      16
      17
      16
      14
      23
      14
      17
      25
      24
      20
      15
      19
      17
      11
      11
      20
      15
      25
      17
      20
      13
      17
      17
      16
       8
      22
      23
      21
      12
      26
      14
      13
       9
      15
      13
      19
      16
      15
      13
      13
      22
      24
      23
      18
      22
      21
      16
      19
      14
      15
      14
      21
      12
      18
      17
      12
      22
      18
      14
      15
      18
      16
      25
       8
      25
      21
      28
      20
      22
      18
      17
      16
      18
      20
      11
      17
      15
      18
      16
      14
      13
      21
      18
      22
      21
      14
      24
      11
      20
      18
       7
      17
      12
      16
      20
      15
      13
      10
      10
      15
       9
      16
      13
      13
       9
       8
      12
      17
      10
      12
       9
      14
       6
      11
       6
       8
      10
      11
      12
       3
      13
      10
       7
       3
       7
       3
      13
       6
       6
      12
       5
       5
       6
       9
       9
      12
       6
      11
       4
       6
       6
       9
       4
       6
       7
       3
      10
       9
       5
       8
       7
       4
       6
       3
      10
       5
      10
       4
       9
       4
       5
       4
       3
       7
       6
       4
       5
       4
       3
       2
       6
       5
       7
       2
       5
       5
       7
       2
       3
       7
       3
       5
       5
       4
       3
       6
       6
       4
       5
       5
       3
       5
       3
       5
       5
       5
       5
       7
       8
       4
       2
       6
       5
       5
       8
       5
       5
       4
       7
      10
       1
       3
       1
       5
       6
       6
       6
       3
       1
       2
       6
       6
       4
       3
       3
       8
       4
       4
       6
       4
       4
       1
       2
       3
       2
       2
      13
       7
       2
       2
       7
       5
       3
       1
       3
       6
       1
       1
       5
       1
       3
       0
       3
       3
       0
       4
       2
       4
       4
       7
       2
       2
       5
       0
       4
       1
       5
       4
       3
       2
       1
       0
       7
       1
       1
       1
       4
       5
       4
       3
       3
       3
       1
       4
       3
       6
       4
       4
       1
       1
       1
       2
       2
       5
       2
       2
       3
       5
       2
       1
       3
       2
       0
       7
       5
       5
       3
       4
       3
       3
       4
       2
       1
       4
       1
       0
       0
       4
       1
       1
       0
       3
       3
       2
       3
       1
       1
       1
       5
       0
       2
       3
       4
       4
       4
       2
       2
       1
       1
       2
       4
       2
       1
       1
       3
       2
       2
       2
       2
       3
       1
       3
       2
       1
       0
       0
       1
       4
       4
       0
       3
       4
       0
       1
       4
       1
       1
       1
       1
       2
       2
       4
       2
       1
       3
       0
       2
       1
       2
       1
       2
       0
       1
       1
       3
       3
       2
       3
       4
       4
       3
       0
       2
       2
       0
       1
       1
       2
       6
       5
       1
       3
       2
       2
       4
       2
       3
       0
       3
       5
       2
       4
       1
       0
       4
       0
       1
       1
       5
       4
       0
       3
       2
       1
       3
       1
       0
       3
       1
       3
       1
       2
       2
       1
       3
       2
       3
       1
       2
       4
       3
       0
       2
       1
       0
       4
       3
       2
       0
       0
       5
       1
       0
       2
       2
       0
       0
       1
       1
       2
       2
       3
       0
       1
       0
       1
       1
       1
       1
       2
       2
       0
       0
       2
       2
       1
       2
       6
       3
       0
       1
       1
       2
       1
       6
       2
       3
       0
       1
       2
       1
       3
       0
       2
       1
       2
       1
       2
       2
       3
       2
       1
       2
       2
       0
       2
       0
       5
       4
       2
       0
       0
       2
       2
       2
       1
       0
       3
       0
       0
       1
       1
       3
       2
       3
       0
       1
       0
       1
       2
       0
       0
       0
       1
       2
       2
       1
       1
       0
       4
       1
       0
       2
       3
       1
       2
       2
       1
       1
       1
       2
       2
       1
       1
       3
       1
       0
       1
       0
       1
       1
       0
       2
       2
       0
       0
       0
       0
       2
       2
       2
       0
       1
       1
       1
       1
       3
       3
       1
       3
       1
       3
       0
       3
       2
       0
       0
       1
       0
       1
       4
       0
       1
       1
       2
       1
       2
       1
       0
       3
       1
       0
       2
       3
       1
       3
       1
       2
       0
       1
       4
       2
       0
       1
       0
       2
       0
       3
       0
       0
       0
       2
       2
       2
       0
       0
       1
       1
       2
       2
       2
       0
       1
       0
       1
       1
       1
       4
       0
       2
       1
       1
       2
       0
       0
       3
       1
       3
       2
       2
       1
       1
       1
       5
       0
       0
       1
       0
       0
       0
       1
       1
       3
       4
       2
       0
       1
       2
       2
       0
       0
       0
       1
       1
       1
       0
       0
       2
       1
       0
       3
       3
       3
       1
       0
       0
       0
       1
       2
       1
       0
       2
       2
       2
       0
       0
       0
       0
       1
       2
       0
       1
       1
       0
       3
       2
       0
       0
       4
       0
       1
       2
       1
       0
       0
       1
       2
       0
       1
       1
       1
       0
       3
       0
       0
       0
       1
       0
       1
       1
       2
       0
       1
       1
       0
       0
       1
       0
       1
       0
       1
       3
       0
       1
       2
       1
       0
       3
       2
       1
       1
       3
       1
       0
       0
       0
       1
       0
       0
       1
       1
       0
       0
       1
       1
       0
       1
       0
       1
       2
       2
       0
       0
       1
       5
       0
       2
       0
       1
       2
       0
       1
       0
       0
       0
       1
       3
       1
       0
       0
       0
       0
       0
       0
       0
       0
       0
       0
       0
       0
       0
       0
       0
       0
       0
       0
       0
       0
       0
       0
       0
       0
       0
       0
       0
       0
       0
       0
       0
       0
       0
       0
       0
       0
       0
       0
       0
       0
       0
       0
       0
       0
       0
       0
       0
       0
       0
       0
       0
       0
$ROI:
1
3 1022
$PRESETS:
Live Time
120
0
$ENER_FIT:
-7.505623 1.460325
$MCA_CAL:
3
-7.505623E+000 1.460325E+000 0.000000E+000 keV
$SHAPE_CAL:
3
1.866601E+000 6.279851E-002 0.000000E+000
