$SPEC_ID:
No sample description was entered.
$SPEC_REM:
DET# 18
DETDESC# WD011-04 Easy-MCA-8k SN 13260152
AP# Maestro Version 7.01
$DATE_MEA:
04/21/2017 16:08:05
$MEAS_TIM:
240 240
$DATA:
0 1023
       0
       0
       0
       0
       0
       0
       0
       0
       0
       7
       5
       3
       6
       6
       5
       7
       9
       6
       9
       7
       7
       4
       5
       7
       4
       6
       7
       9
       0
       8
       7
       4
      11
       4
       7
       9
       8
       7
       6
      11
      10
       7
      11
      12
      15
      11
      13
      14
      11
      13
      17
       9
      11
       8
       4
      13
       4
      11
       7
      11
      10
       8
       9
      10
       9
       8
       9
      13
      10
      14
      22
      15
      16
      17
      11
      15
      14
       5
      12
      15
      14
      18
      15
      19
      22
      18
      34
      40
      31
      33
      28
      36
      47
      47
      42
      31
      30
      29
      19
      29
      26
      31
      36
      38
      31
      40
      34
      32
      36
      43
      40
      39
      44
      41
      42
      44
      40
      34
      39
      28
      35
      36
      39
      27
      31
      35
      40
      30
      38
      26
      44
      39
      36
      27
      33
      36
      41
      39
      28
      41
      26
      28
      35
      35
      22
      36
      34
      34
      26
      40
      33
      40
      27
      34
      40
      17
      39
      28
      40
      31
      35
      40
      27
      33
      26
      33
      31
      32
      34
      33
      31
      31
      28
      28
      39
      39
      25
      36
      28
      39
      35
      29
      49
      37
      41
      32
      46
      37
      29
      35
      32
      38
      34
      34
      39
      37
      28
      25
      28
      39
      38
      42
      39
      36
      34
      27
      36
      33
      25
      29
      24
      25
      33
      31
      31
      35
      38
      31
      27
      37
      33
      34
      35
      35
      41
      45
      29
      30
      31
      28
      39
      37
      33
      39
      43
      26
      28
      35
      33
      51
      43
      39
      33
      52
      31
      41
      24
      33
      43
      32
      29
      38
      38
      40
      48
      51
      26
      36
      36
      35
      36
      34
      26
      34
      25
      46
      37
      31
      28
      31
      45
      45
      41
      34
      45
      36
      29
      39
      34
      24
      28
      26
      25
      26
      21
      11
      27
      23
      30
      21
      20
      21
      11
      14
      19
      22
      28
      19
      14
      12
      21
      11
      14
      15
      19
      14
       8
      15
      15
      11
       9
      13
      18
      24
      14
      19
      19
      11
      13
       8
      21
      21
      17
      14
      11
      15
       8
      22
      20
      13
      11
      14
      10
      17
      20
      11
      17
      15
      12
      10
      12
      10
      12
      14
      12
      16
       8
      12
       9
      14
      14
      10
      14
       9
       9
       8
      12
      15
       9
      11
      14
      10
      10
      21
      11
       9
      11
      11
      10
      10
       8
      13
       8
       3
      12
       9
       8
      11
       5
      16
       8
      15
       8
       7
      12
       5
       6
      11
      13
      10
       9
       7
      11
       8
      11
       9
       7
      16
      11
      19
       7
       6
       9
       7
       6
      10
       6
       7
       7
      10
       9
       9
       8
       7
       9
       9
       9
       6
       8
       3
       5
       6
       3
       9
       6
       9
      10
       5
       8
       5
       5
       9
      11
       7
       6
      10
       4
       6
       7
       7
       6
       5
       4
       5
       6
       6
       9
       7
       7
       4
       5
       5
       7
       5
      12
       5
       5
       6
       7
       6
       8
       8
       4
       8
       5
       5
       4
      10
       6
       5
       7
       7
       9
       7
       9
       4
       2
       6
       4
       5
       5
       6
       7
       8
       9
       6
       3
       6
       5
       5
       6
       4
       7
       3
       4
       7
      10
       3
       4
       8
       6
       3
      10
       7
       3
       5
       3
       3
       6
       6
       5
       9
       3
       1
       5
      10
       3
       3
       6
       7
       3
       2
       5
       3
       6
       5
       7
       4
       5
       6
       8
       7
       5
       4
       5
       4
       1
       7
       2
       9
       4
       4
       4
       9
       3
       1
       2
       3
       3
       7
       4
       4
       7
       3
       5
       5
       3
       0
       4
       6
       3
       8
       3
       4
       5
       2
       1
       6
       2
       4
       4
       2
       1
       5
       3
       4
       4
       7
       5
       2
       0
       5
       7
       4
       4
       2
       4
       5
       6
       7
       3
       5
       4
       1
       5
       4
       5
       2
       4
       1
       1
       3
       5
       2
       5
       1
       5
       3
       1
       5
       4
       7
       4
       6
       2
       2
       4
       4
       3
       3
       6
       4
       3
       3
       5
       1
       3
       3
       5
       6
       9
       4
       6
       1
       3
       4
       5
       2
       4
       4
       4
      10
       5
       0
       3
       2
       2
       3
       4
       4
       2
       9
       7
       4
       5
       3
       3
       5
       4
       4
       6
       2
       2
       3
       0
       4
       4
       4
       5
       4
       4
       5
       4
       4
       2
       5
       2
       4
       3
       5
       4
       3
       5
       6
       4
       4
       4
       0
       3
       1
       3
       4
       6
       5
       0
       5
       2
       2
       4
       3
       3
       4
       2
       3
       4
       2
       4
       1
       3
       5
       1
       4
       3
       2
       4
       2
       1
       2
       4
       3
       4
       3
       2
       3
       1
       2
       0
       3
       3
       2
       6
       6
       2
       0
       2
       2
       2
       5
       7
       1
       5
       2
       3
       3
       2
       5
       4
       4
       4
       2
       2
       4
       5
       2
       4
       2
       1
       1
       2
       1
       2
       8
       2
       3
       1
       4
       2
       2
       2
       4
       6
       4
       3
       1
       4
       2
       0
       1
       2
       2
       4
       1
       4
       3
       2
       3
       4
       3
       3
       2
       4
       3
       0
       2
       4
       2
       0
       3
       0
       2
       6
       4
       3
       3
       0
       1
       4
       6
       2
       7
       3
       3
       2
       5
       2
       2
       4
       1
       2
       4
       2
       2
       2
       3
       1
       0
       2
       2
       2
       4
       1
       1
       3
       0
       2
       2
       3
       2
       3
       3
       0
       1
       2
       1
       1
       2
       1
       2
       1
       3
       2
       2
       2
       2
       1
       2
       5
       2
       2
       1
       3
       1
       2
       4
       1
       5
       1
       2
       0
       1
       0
       3
       0
       3
       2
       3
       3
       2
       0
       0
       4
       2
       0
       1
       3
       2
       1
       1
       1
       2
       3
       2
       2
       1
       0
       1
       2
       0
       5
       4
       2
       3
       0
       2
       3
       1
       2
       1
       0
       0
       3
       0
       0
       5
       1
       0
       4
       0
       3
       5
       3
       1
       0
       2
       1
       0
       1
       3
       2
       0
       2
       0
       0
       3
       1
       1
       2
       3
       3
       3
       1
       0
       5
       1
       3
       1
       1
       2
       1
       1
       4
       0
       0
       0
       1
       0
       4
       1
       3
       3
       4
       0
       2
       3
       2
       0
       1
       1
       1
       2
       4
       5
       0
       0
       0
       0
       0
       0
       0
       0
       0
       0
       0
       0
       0
       0
       0
       0
       0
       0
       0
       0
       0
       0
       0
       0
       0
       0
       0
       0
       0
       0
       0
       0
       0
       0
       0
       0
       0
       0
       0
       0
       0
       0
       0
       0
       0
       0
       0
       0
       0
       0
       0
       0
$ROI:
1
3 1022
$PRESETS:
Live Time
240
0
$ENER_FIT:
-7.505623 1.460325
$MCA_CAL:
3
-7.505623E+000 1.460325E+000 0.000000E+000 keV
$SHAPE_CAL:
3
1.866601E+000 6.279851E-002 0.000000E+000
