$SPEC_ID:
No sample description was entered.
$SPEC_REM:
DET# 18
DETDESC# WD011-04 Easy-MCA-8k SN 13260152
AP# Maestro Version 7.01
$DATE_MEA:
04/21/2017 16:01:37
$MEAS_TIM:
240 240
$DATA:
0 1023
       0
       0
       0
       0
       0
       0
       0
       0
       0
       3
       3
       3
       6
       9
       3
       5
       8
       9
       3
       6
       2
       3
       5
       5
      10
       6
       7
       9
       6
       6
       7
       6
       5
       8
       4
       8
       7
       7
       4
       9
      11
       7
      14
       9
       9
      15
      15
       9
      19
      10
      10
      13
       8
       6
      12
       8
       4
       9
       4
       9
      16
       7
       9
       6
      12
       9
       7
      11
      16
      10
       7
       7
       8
      11
      11
       9
      13
       8
       8
       9
      17
       7
      10
      30
      21
      24
      22
      35
      39
      25
      30
      35
      40
      38
      38
      50
      34
      32
      31
      20
      26
      27
      34
      35
      24
      24
      30
      28
      43
      44
      27
      32
      54
      51
      35
      38
      33
      29
      37
      31
      35
      43
      30
      34
      43
      45
      30
      39
      33
      39
      31
      32
      27
      31
      28
      29
      24
      30
      26
      28
      40
      24
      22
      32
      35
      31
      23
      31
      24
      42
      21
      26
      40
      32
      33
      42
      34
      36
      21
      29
      23
      29
      24
      33
      21
      26
      35
      19
      43
      24
      33
      34
      35
      28
      33
      30
      23
      31
      32
      34
      27
      35
      39
      40
      39
      42
      25
      29
      45
      31
      27
      22
      18
      30
      38
      28
      38
      41
      29
      35
      30
      28
      24
      32
      37
      32
      25
      31
      35
      32
      31
      28
      35
      33
      31
      31
      33
      40
      35
      37
      40
      35
      37
      40
      32
      35
      31
      34
      38
      35
      35
      48
      24
      27
      31
      32
      34
      24
      33
      38
      28
      26
      39
      29
      32
      32
      32
      25
      38
      34
      43
      30
      39
      31
      27
      30
      41
      29
      39
      26
      40
      32
      36
      31
      41
      34
      34
      43
      36
      30
      38
      33
      39
      28
      29
      14
      42
      25
      27
      21
      21
      23
      21
      31
      17
      28
      32
      22
      20
      20
      17
      19
      22
      20
      20
       9
      19
      13
      16
      21
      16
      14
      19
      15
      16
      19
      10
      15
      20
      14
      14
      16
      11
      12
      11
      14
      11
      11
      14
      16
      11
      16
      10
       6
      14
      10
      11
      17
       7
      20
      13
      15
       9
      15
      12
       6
       6
      11
      14
      11
      14
      14
      22
      15
      19
       5
      11
      12
      10
      11
      11
       8
      14
      15
       9
      10
       6
       9
       4
      14
       4
       8
      12
       8
       6
       9
       7
      10
       4
      15
       6
       8
       8
       8
       9
      14
       6
       9
       8
       7
       5
       7
       7
       9
       6
      16
       5
       9
       9
       4
      14
       8
      10
       5
      11
       6
       9
       6
       6
       7
       5
       6
       9
       9
      12
       9
       5
       6
       5
       4
       7
       6
       7
      10
      11
       2
       6
       4
       2
      10
       5
      10
       8
       8
       7
      10
       3
      12
       4
       3
       8
       8
       6
       5
       7
       8
      10
       6
       5
       5
       8
       3
       6
       5
       5
       9
       5
       8
       5
       4
       8
       4
       9
       1
       9
       6
       5
       9
       5
       7
       4
       8
       2
       5
       9
       6
       2
       7
       4
       6
       5
       6
       9
       6
       3
       1
       5
      11
       6
       8
       4
       4
       3
       3
       7
       8
       7
       7
       4
       4
       5
       4
       3
       6
       6
      10
       6
       7
       8
       1
       1
       3
       3
       6
       5
       5
       4
       2
       2
       3
       3
       6
       7
       4
       4
       3
       2
       3
       3
       3
       3
       2
       3
       6
       3
       4
       3
       8
       6
       4
       6
       2
       6
       7
       4
       1
       2
       5
       5
       4
       3
       6
       5
       5
       6
       5
       3
       5
       4
       4
       5
       2
       2
       5
       4
       4
       2
       4
       4
       3
       3
       2
       7
       5
       7
       0
       4
       6
       5
       3
       5
       5
       4
       2
       2
       3
       4
       5
       2
      11
       3
       6
       2
       4
       5
       2
       1
       0
       4
       2
       2
       3
       1
       2
       3
       4
       5
       4
       3
       5
       3
       3
       3
       6
       3
       5
       7
       2
       3
       2
       1
       2
       8
       3
       3
       4
       2
       3
       7
       6
       3
       2
       3
       3
       4
       3
       3
       4
       1
       4
       2
       4
       2
       5
       4
       1
       2
       0
       5
       3
       1
       6
       8
       1
       0
       7
       2
       2
       3
       1
       5
       1
       5
       6
       2
       3
       5
       2
       6
       5
       4
       3
       2
       2
       5
       1
       3
       5
       2
       5
       4
       3
       4
       2
       3
       2
       3
       3
       1
       1
       2
       4
       6
       2
       0
       6
       3
       0
       4
       2
       3
       8
       1
       3
       5
       3
       1
       2
       7
       1
       2
       2
       1
       1
       2
       4
       3
       4
       3
       2
       3
       1
       1
       4
       4
       4
       3
       1
       2
       2
       0
       3
       2
       3
       1
       6
       2
       0
       2
       7
       2
       2
       5
       2
       2
       1
       2
       0
       2
       4
       0
       5
       2
       3
       2
       1
       3
       2
       1
       2
       2
       4
       1
       3
       3
       3
       1
       1
       3
       1
       4
       0
       0
       2
       2
       4
       1
       2
       0
       1
       2
       2
       1
       1
       2
       3
       2
       1
       1
       3
       3
       4
       4
       3
       2
       3
       0
       2
       5
       2
       3
       3
       0
       2
       2
       1
       1
       3
       1
       3
       1
       2
       3
       3
       6
       4
       5
       2
       3
       2
       4
       2
       4
       5
       4
       2
       2
       2
       1
       3
       1
       3
       1
       0
       5
       1
       2
       3
       3
       1
       2
       5
       5
       5
       2
       2
       1
       2
       4
       0
       1
       1
       2
       2
       3
       2
       4
       3
       0
       0
       3
       2
       1
       2
       2
       2
       2
       0
       1
       1
       3
       4
       1
       1
       2
       1
       1
       2
       1
       2
       2
       2
       0
       2
       1
       2
       3
       0
       1
       1
       1
       3
       1
       1
       4
       2
       1
       0
       0
       3
       1
       1
       2
       0
       2
       2
       1
       1
       3
       1
       4
       0
       2
       0
       3
       3
       2
       3
       0
       1
       0
       1
       1
       1
       2
       0
       1
       2
       3
       2
       2
       1
       5
       1
       3
       1
       2
       0
       1
       3
       4
       2
       0
       1
       2
       0
       0
       2
       1
       2
       0
       1
       3
       2
       0
       3
       1
       2
       2
       0
       0
       2
       2
       0
       2
       2
       1
       0
       2
       1
       0
       1
       4
       0
       3
       1
       1
       2
       2
       2
       1
       3
       1
       0
       0
       0
       0
       0
       0
       0
       0
       0
       0
       0
       0
       0
       0
       0
       0
       0
       0
       0
       0
       0
       0
       0
       0
       0
       0
       0
       0
       0
       0
       0
       0
       0
       0
       0
       0
       0
       0
       0
       0
       0
       0
       0
       0
       0
       0
       0
       0
       0
       0
       0
$ROI:
1
3 1022
$PRESETS:
Live Time
240
0
$ENER_FIT:
-7.505623 1.460325
$MCA_CAL:
3
-7.505623E+000 1.460325E+000 0.000000E+000 keV
$SHAPE_CAL:
3
1.866601E+000 6.279851E-002 0.000000E+000
