$SPEC_ID:
No sample description was entered.
$SPEC_REM:
DET# 18
DETDESC# WD011-04 Easy-MCA-8k SN 13260152
AP# Maestro Version 7.01
$DATE_MEA:
04/21/2017 17:01:45
$MEAS_TIM:
240 240
$DATA:
0 1023
       0
       0
       0
       0
       0
       0
       0
       0
       0
       5
       5
       8
       7
       8
       6
       3
       1
       7
       4
       4
       9
       6
       4
      10
      10
       6
       9
       7
       7
       2
      11
       9
       8
       5
       8
       5
       4
       7
      10
      10
      12
       9
      12
      10
      10
       9
      13
      10
      19
      12
       7
      11
      12
       8
       9
       5
       9
      10
      11
       8
       7
       5
      10
      12
      16
      11
      18
      14
       8
      15
      13
       9
      13
      13
      11
      20
      18
      14
      16
      14
       7
      18
      14
      23
      16
      30
      28
      28
      34
      40
      30
      39
      35
      39
      36
      29
      27
      28
      28
      22
      31
      21
      26
      31
      31
      41
      29
      35
      40
      40
      43
      54
      51
      46
      49
      47
      46
      43
      42
      41
      43
      26
      43
      43
      38
      26
      38
      30
      43
      38
      36
      33
      39
      35
      26
      43
      35
      36
      40
      38
      33
      35
      26
      37
      41
      39
      24
      30
      35
      31
      33
      50
      34
      31
      27
      34
      36
      38
      36
      46
      38
      32
      39
      45
      38
      41
      35
      40
      35
      37
      34
      40
      29
      41
      35
      38
      30
      27
      37
      41
      43
      38
      39
      35
      37
      34
      36
      34
      31
      26
      40
      48
      29
      38
      29
      38
      26
      32
      35
      39
      31
      35
      31
      39
      36
      31
      30
      37
      36
      35
      44
      33
      44
      31
      42
      33
      33
      28
      31
      36
      39
      28
      31
      45
      42
      34
      34
      47
      35
      42
      39
      36
      36
      28
      38
      38
      24
      37
      44
      29
      48
      37
      43
      34
      40
      41
      36
      33
      35
      33
      41
      34
      35
      46
      29
      27
      50
      48
      38
      36
      49
      40
      55
      41
      38
      39
      35
      46
      34
      36
      41
      37
      41
      27
      29
      38
      33
      22
      17
      37
      35
      25
      22
      30
      30
      28
      26
      20
      30
      17
      23
      20
      19
      13
      16
      16
      13
      14
      18
      22
      22
      19
      25
      17
      15
      10
      23
      17
       8
      16
      16
      11
      14
      13
      19
      17
      10
      17
      15
      13
      14
      14
      13
       9
      16
      13
      11
      19
      10
       5
      12
      18
      11
      14
      16
      10
      21
      14
      17
      17
      11
      20
      11
      13
      14
      12
       7
      24
      10
      11
      13
      12
       9
       7
      12
      14
      11
      16
      12
      11
      12
      14
      10
       8
      14
       5
      11
       3
      15
      10
      11
       8
      10
       9
      10
       8
      15
      12
       7
      14
       6
       5
       7
       8
       9
       7
      11
       6
       7
      10
      11
      10
       8
       9
       7
       9
      13
       4
       7
       3
      11
       4
      11
       6
       9
      11
      11
       6
       6
       6
       8
       6
      12
       8
       7
       7
       5
       8
       8
       8
       8
       6
       4
       6
       7
       7
       8
       7
       6
       5
      12
       4
       9
       8
       6
       8
       9
       7
       9
       9
      11
      11
      10
       6
       8
       6
       8
       4
       6
       7
       4
       8
       4
      12
       2
       8
       7
       5
       4
       5
      10
       5
       4
       5
      11
       8
       4
       5
       7
       2
       6
      12
       2
       3
       3
       7
       9
      11
       4
       8
       4
       5
       5
       4
       5
       6
       5
      11
       5
       1
       3
       6
       3
      12
       5
       5
       2
       3
       4
       9
       8
       6
       6
       6
       2
       8
       6
       6
       4
       7
       7
       2
       2
       5
       7
       2
       6
       3
       9
       6
       4
       1
       5
       7
       4
       4
       9
       2
       5
       5
       3
      11
       6
       1
       3
       3
       6
       6
       7
       2
       2
       1
       5
       6
       2
       4
       8
       4
       6
       3
       9
       1
       4
       6
       4
       6
       6
       3
       6
       1
       4
       6
       3
      10
       2
       3
       7
       4
       2
       2
       4
       8
       4
       4
       2
       6
       2
       1
       2
       7
       5
       2
       4
       2
       5
       7
       6
       8
       4
       2
       2
       4
       4
       1
       4
       2
       4
       1
       4
       3
       3
       3
       5
       3
       3
       4
       3
       0
       2
       6
       4
       3
       4
       2
       1
       3
       1
       4
       4
       6
       1
       1
       3
       5
       4
       6
       2
       3
       2
       9
       2
       3
       6
       4
       6
       5
       5
       4
       2
       6
       5
       3
       3
       4
       4
       2
       5
       2
       2
       1
       5
       2
       3
       5
       7
       6
       5
       1
       3
       0
       6
       9
       7
       0
       3
       2
       6
       1
       1
       1
       6
       7
       5
       5
       3
       5
       8
       4
       1
       0
       2
       4
       2
       2
       0
       5
       3
       4
       5
       2
       4
       3
       4
       3
       5
       2
       5
       5
       2
       0
       5
       5
       3
       4
       0
       4
       4
       6
       1
       4
       2
       3
       1
       9
       3
       1
       3
       4
       1
       1
       7
       4
       1
       4
       3
       0
       4
       4
       1
       1
       5
       6
       5
       4
       1
       2
       2
       3
       5
       3
       2
       4
       4
       5
       2
       2
       0
       4
       1
       2
       1
       2
       3
       8
       1
       3
       2
       0
       4
       4
       5
       5
       1
       1
       0
       2
       3
       5
       2
       2
       3
       3
       2
       3
       3
       1
       2
       0
       3
       2
       5
       3
       1
       2
       0
       3
       4
       2
       4
       4
       1
       2
       2
       0
       1
       6
       4
       4
       2
       0
       2
       1
       1
       3
       5
       3
       5
       2
       3
       2
       3
       4
       2
       4
       3
       1
       2
       4
       3
       1
       0
       3
       2
       3
       3
       2
       2
       1
       0
       3
       1
       3
       6
       2
       4
       1
       2
       2
       2
       1
       3
       3
       1
       2
       6
       2
       2
       2
       2
       2
       3
       4
       1
       3
       3
       4
       0
       2
       2
       1
       3
       1
       1
       4
       2
       1
       1
       1
       1
       0
       2
       1
       3
       5
       1
       3
       1
       1
       1
       0
       2
       3
       4
       5
       1
       1
       1
       3
       3
       2
       3
       1
       3
       2
       3
       2
       0
       3
       1
       2
       3
       0
       4
       1
       2
       1
       2
       1
       1
       1
       3
       3
       2
       2
       1
       1
       2
       1
       3
       3
       5
       0
       1
       1
       0
       5
       0
       3
       4
       2
       1
       0
       0
       2
       1
       3
       1
       0
       1
       1
       2
       1
       2
       2
       5
       2
       1
       4
       0
       1
       1
       1
       1
       2
       0
       1
       1
       1
       3
       1
       4
       1
       1
       3
       1
       0
       4
       2
       2
       3
       1
       1
       0
       0
       0
       0
       0
       0
       0
       0
       0
       0
       0
       0
       0
       0
       0
       0
       0
       0
       0
       0
       0
       0
       0
       0
       0
       0
       0
       0
       0
       0
       0
       0
       0
       0
       0
       0
       0
       0
       0
       0
       0
       0
       0
       0
       0
       0
       0
       0
       0
       0
       0
       0
$ROI:
1
3 1022
$PRESETS:
Live Time
240
0
$ENER_FIT:
-7.505623 1.460325
$MCA_CAL:
3
-7.505623E+000 1.460325E+000 0.000000E+000 keV
$SHAPE_CAL:
3
1.866601E+000 6.279851E-002 0.000000E+000
