$SPEC_ID:
No sample description was entered.
$SPEC_REM:
DET# 18
DETDESC# WD011-04 Easy-MCA-8k SN 13260152
AP# Maestro Version 7.01
$DATE_MEA:
04/21/2017 17:07:13
$MEAS_TIM:
240 240
$DATA:
0 1023
       0
       0
       0
       0
       0
       0
       0
       0
       0
       5
      10
       3
       7
       6
       4
      11
       8
       7
       5
      10
       6
       8
       8
       8
       8
      11
       6
      11
      12
      14
       7
       3
       7
       5
       5
       5
       7
       7
      11
       7
       6
       8
       9
       6
      16
      15
      15
      23
      15
      13
       9
       9
       5
      14
       8
       9
      12
       7
       9
      10
       8
       8
      10
      10
      11
       9
      13
      10
      13
      10
      15
      13
      19
       9
      14
      12
       9
      11
      11
      12
      14
      16
       4
      18
      23
      24
      27
      39
      32
      31
      34
      31
      45
      36
      37
      27
      27
      36
      31
      24
      27
      36
      25
      29
      32
      32
      30
      43
      43
      51
      45
      45
      56
      46
      43
      47
      56
      52
      41
      48
      28
      28
      26
      35
      41
      28
      39
      35
      34
      31
      45
      33
      44
      28
      39
      39
      30
      32
      37
      29
      33
      37
      29
      31
      27
      36
      28
      37
      44
      41
      28
      28
      40
      37
      42
      36
      39
      38
      31
      37
      33
      27
      25
      31
      30
      38
      45
      35
      42
      34
      41
      31
      37
      28
      38
      21
      41
      35
      36
      28
      34
      36
      50
      27
      42
      45
      47
      37
      32
      31
      37
      31
      37
      38
      42
      45
      28
      45
      34
      47
      35
      31
      30
      34
      47
      41
      42
      44
      35
      36
      32
      35
      30
      39
      35
      31
      30
      31
      43
      38
      27
      34
      44
      31
      33
      31
      32
      59
      31
      43
      23
      45
      37
      28
      29
      32
      36
      33
      36
      46
      34
      35
      43
      26
      38
      45
      37
      36
      36
      26
      35
      46
      38
      38
      36
      39
      35
      44
      38
      59
      32
      31
      41
      30
      41
      39
      19
      39
      35
      48
      38
      43
      37
      40
      25
      31
      38
      45
      39
      30
      31
      34
      39
      28
      20
      31
      42
      24
      27
      23
      17
      20
      20
      30
      16
      14
      25
      21
      18
      14
      13
      21
      14
      19
      17
      14
      21
      15
      15
      10
      19
      16
      13
      13
      11
      16
      11
      19
      15
      18
       9
      14
      13
      15
      15
      19
      10
      14
      23
      19
      18
      15
      16
      22
      13
      12
       8
      13
      14
      17
      22
      12
      13
       9
      15
      11
      13
      12
      11
      13
      12
      11
      10
      11
      18
      14
      14
      17
      13
      18
       7
      13
       8
      12
       6
       7
      12
       1
       6
      13
       5
      10
      11
      10
      16
       5
       7
       9
      14
      11
       5
      10
       8
       2
      18
      12
       8
       4
      15
      11
      12
      10
       8
       8
      10
      10
      17
       8
       5
       8
      12
       7
       3
       8
       9
      14
      12
       6
       6
       6
       9
      13
       9
      16
       6
       4
       8
       5
       5
      12
       6
      11
       7
       8
       5
       7
       4
       6
       8
       6
      11
      10
      11
       4
       9
       6
       8
       2
       7
       7
       8
       7
      11
       9
       4
      11
      11
       9
       7
      12
       3
       5
       8
      10
       9
      11
       3
       6
       9
       3
      11
       8
       7
       6
       6
       8
       9
       3
       5
       4
       9
       7
       9
       9
       6
       9
       3
       7
       2
       6
       8
       9
      14
       7
      10
       8
       8
       5
       9
       4
       9
      10
       4
       5
       9
       6
       7
       8
       9
       5
       5
       4
       7
       8
       7
       4
       3
       1
       4
       3
       6
       7
       2
       3
      13
       7
       8
       4
       5
       5
       7
       3
       3
       7
       6
       7
       2
       4
       7
       6
       9
       9
       3
       3
       7
       5
       6
       2
       4
       4
       3
       7
       7
       4
       4
       3
       9
       4
       6
       4
       6
       5
       3
       6
       5
       8
       2
       6
       7
       3
       0
       3
       5
       7
       3
       6
       1
       3
       5
       7
       4
       4
       3
       3
       3
       3
       4
      10
       4
       6
       5
       4
       2
       6
       4
       7
       4
       2
       5
       3
       2
       2
       5
       2
       4
       5
       7
       1
       4
       2
       0
       2
       2
       5
       4
       3
       3
       1
       5
       3
       2
       1
       3
       3
       3
       4
       4
       4
       7
       5
       6
       2
       1
       4
       6
       6
       5
       7
       1
       4
       5
       6
       4
       7
       5
       5
       2
       2
       5
       4
       2
       4
       2
       3
       2
       2
       3
       2
       5
       2
       4
       3
       3
       1
       6
       6
       3
       4
       3
       5
       1
       2
       2
       4
       5
       2
       2
       6
       4
       5
       7
       2
       4
       3
       1
       1
       3
       5
       4
       7
       4
       3
       3
       8
       4
       8
       3
       1
       1
       5
       5
       7
       1
       4
       1
       4
       4
       3
       1
       3
       7
       4
       9
       3
       3
       2
       0
       4
       5
       1
       2
       4
       2
       3
       1
       6
       3
       6
       4
       1
       1
       4
       2
       1
       2
       3
       4
       4
       0
       2
       3
       2
       3
       2
       2
       1
       3
       3
       2
       3
       4
       3
       3
       1
       4
       2
       1
       2
       1
       2
       6
       4
       2
       1
       4
       2
       7
       4
       6
       1
       7
       4
       1
       1
       3
       2
       3
       4
       1
       1
       1
       4
       1
       3
       3
       2
       4
       0
       2
       4
       5
       3
       4
       4
       0
       2
       7
       6
       3
       2
       2
       0
       1
       2
       0
       6
       2
       2
       3
       4
       0
       5
       5
       1
       4
       1
       2
       2
       6
       1
       4
       2
       3
       2
       1
       4
       3
       2
       1
       1
       2
       2
       3
       4
       4
       1
       6
       2
       2
       2
       2
       1
       2
       1
       5
       1
       3
       2
       3
       2
       2
       1
       2
       4
       2
       0
       0
       3
       1
       2
       1
       1
       0
       3
       2
       5
       2
       2
       2
       3
       2
       1
       2
       2
       4
       2
       1
       0
       2
       2
       1
       2
       2
       3
       4
       4
       4
       3
       3
       1
       0
       0
       1
       2
       1
       2
       1
       2
       3
       3
       0
       3
       4
       3
       3
       4
       0
       5
       1
       4
       2
       1
       3
       2
       0
       1
       2
       0
       3
       2
       2
       2
       5
       2
       3
       1
       2
       1
       0
       2
       0
       2
       2
       1
       7
       2
       1
       1
       2
       2
       2
       0
       2
       2
       1
       0
       2
       2
       1
       3
       3
       0
       1
       0
       3
       4
       1
       1
       1
       1
       1
       2
       1
       0
       4
       0
       1
       1
       1
       1
       2
       0
       2
       0
       2
       0
       1
       0
       1
       1
       0
       2
       0
       0
       0
       0
       0
       0
       0
       0
       0
       0
       0
       0
       0
       0
       0
       0
       0
       0
       0
       0
       0
       0
       0
       0
       0
       0
       0
       0
       0
       0
       0
       0
       0
       0
       0
       0
       0
       0
       0
       0
       0
       0
       0
       0
       0
       0
       0
       0
       0
       0
       0
       0
$ROI:
1
3 1022
$PRESETS:
Live Time
240
0
$ENER_FIT:
-7.505623 1.460325
$MCA_CAL:
3
-7.505623E+000 1.460325E+000 0.000000E+000 keV
$SHAPE_CAL:
3
1.866601E+000 6.279851E-002 0.000000E+000
