$SPEC_ID:
No sample description was entered.
$SPEC_REM:
DET# 18
DETDESC# WD011-04 Easy-MCA-8k SN 13260152
AP# Maestro Version 7.01
$DATE_MEA:
04/21/2017 16:14:10
$MEAS_TIM:
240 240
$DATA:
0 1023
       0
       0
       0
       0
       0
       0
       0
       0
       0
       5
       5
       8
       7
      10
       6
       5
       4
       5
       4
       8
      14
      11
       9
       7
       8
       7
      10
       6
      11
      10
       6
       7
       6
       6
       8
       6
      10
       6
      13
      11
       6
      12
      12
      10
      14
      13
      13
      18
      14
      12
      12
       8
      16
       8
       7
       8
      11
      12
       6
       9
       8
       8
      14
      11
      10
       7
       9
      12
      10
       7
      16
      11
       8
      10
      14
      15
      11
      10
      11
      16
       8
      20
      15
      20
      13
      27
      21
      27
      36
      29
      38
      30
      46
      36
      37
      36
      26
      32
      31
      25
      25
      32
      33
      26
      42
      33
      39
      42
      42
      40
      39
      38
      54
      53
      38
      47
      37
      47
      49
      42
      37
      29
      31
      29
      38
      28
      44
      30
      34
      35
      39
      36
      44
      41
      30
      32
      27
      37
      32
      37
      21
      34
      28
      30
      28
      42
      43
      28
      37
      32
      44
      35
      35
      34
      30
      39
      31
      33
      20
      39
      42
      32
      28
      23
      39
      41
      32
      32
      33
      36
      52
      47
      41
      35
      38
      31
      30
      35
      41
      30
      41
      33
      37
      29
      32
      39
      29
      38
      39
      45
      31
      39
      28
      36
      33
      32
      29
      31
      37
      28
      32
      34
      46
      34
      37
      43
      29
      39
      48
      42
      40
      35
      43
      37
      31
      47
      35
      31
      29
      29
      36
      33
      37
      42
      41
      39
      35
      34
      40
      39
      33
      30
      42
      30
      55
      38
      33
      32
      33
      41
      40
      34
      42
      36
      28
      40
      37
      32
      43
      28
      39
      28
      39
      34
      39
      38
      46
      34
      42
      47
      39
      31
      35
      44
      33
      51
      31
      41
      36
      33
      34
      42
      34
      25
      28
      27
      32
      30
      31
      28
      33
      28
      25
      25
      29
      32
      22
      19
      25
      13
      20
      27
      16
      22
      21
      25
      12
      17
      19
      19
      23
      21
      17
      26
      16
      24
      15
      18
      17
      17
      14
      20
      11
      21
      17
      10
       8
      10
      19
      22
      18
      10
      11
      14
      11
      23
      15
      15
      13
       7
      14
       8
      17
       9
      10
      12
       8
      17
      21
      18
      14
      16
       9
       6
      13
      13
      18
      12
      14
       6
      11
      15
      12
      13
      10
      14
      11
      10
       7
      10
      10
       4
       8
      11
      11
      10
       5
      13
       7
       9
      13
       7
       8
      12
      11
      12
      16
      11
      12
      14
      15
       8
       8
       6
      11
       9
       8
       9
       8
      13
       8
      13
       7
       8
       3
       8
      10
       7
       8
       6
       8
       8
      11
      10
       6
      12
      10
       6
       7
       8
      11
       8
       7
       8
       5
       2
       5
       3
       6
       6
       7
      13
       5
      10
       8
       8
       6
      10
       6
      13
       9
       6
       3
      11
      13
       8
       8
       8
       4
       4
       8
       9
       7
      13
       8
       8
       5
       3
       7
       8
       7
       6
       6
       8
       5
       9
       4
       4
      10
       6
       2
       7
       8
       8
       5
       5
       8
       7
       8
       6
       5
       4
      11
       7
       9
       4
       4
       8
       7
       3
       3
       8
       6
       5
      10
       5
      11
       9
       8
      11
       6
      10
       8
       6
       4
       6
       6
       4
       4
       7
       3
       9
       8
       6
       4
       9
       3
       3
       9
       5
       4
       3
      10
       6
       8
       4
      10
       5
       4
       8
       3
       4
       2
       8
       3
       6
       2
       2
       4
       9
       7
       6
       3
       2
       4
       7
       3
       4
       6
       5
       8
       7
       5
       9
       3
       3
       6
       2
       7
       5
       2
       5
       1
       3
       3
       7
       5
       3
       5
       5
       4
       6
       4
       6
       4
       6
       0
       9
       3
       7
       5
       3
       4
       3
       2
       5
       8
       5
       5
       6
       4
       3
       3
       3
       5
       5
       8
       1
       1
       3
       1
       2
       2
       9
       1
       5
       2
       7
       3
       4
       5
       3
       5
       7
       3
       4
       6
       4
       1
       4
       4
       6
       7
       4
       6
       7
       4
       1
       4
       3
       1
       2
       2
       4
       2
       1
       4
       4
       3
       4
       3
       4
       5
       2
       6
       2
       3
       4
       5
       4
       7
       5
       4
       4
       3
       3
       6
       2
       2
       2
       3
       6
       0
       3
       7
       1
       2
       0
       0
       4
       3
       5
       4
       2
       2
       4
       6
       6
       6
       2
       3
       1
       3
       2
       2
       5
       4
       2
       8
       0
       3
       2
       4
       3
       3
       5
       2
       4
       5
       2
       5
       2
       3
       4
       3
       4
       4
       2
       3
       3
       1
       3
       2
       4
       2
       3
       1
       5
       2
       3
       1
       2
       3
       3
       3
       3
       4
       2
       3
      10
       2
       2
       0
       2
       3
       3
       3
       1
       3
       2
       4
       3
       1
       0
       5
       1
       1
       1
       4
       3
       3
       1
       2
       1
       5
       7
       4
       2
       2
       3
       3
       8
       1
       4
       0
       1
       3
       1
       5
       2
       2
       2
       2
       5
       1
       1
       2
       2
       2
       3
       3
       6
       2
       1
       2
       4
       2
       8
       4
       8
       0
       2
       2
       2
       0
       3
       3
       3
       4
       3
       4
       1
       4
       5
       3
       5
       3
       3
       5
       2
       4
       3
       2
       4
       1
       2
       3
       3
       1
       3
       2
       3
       2
       1
       2
       0
       6
       2
       1
       1
       5
       1
       5
       4
       2
       1
       5
       0
       0
       4
       2
       5
       1
       2
       3
       0
       1
       0
       5
       3
       2
       0
       3
       4
       6
       2
       3
       2
       3
       2
       1
       1
       1
       3
       0
       3
       2
       2
       1
       2
       2
       2
       1
       1
       3
       3
       2
       5
       2
       1
       3
       2
       3
       2
       2
       2
       3
       1
       4
       2
       6
       1
       3
       4
       1
       3
       2
       3
       3
       1
       2
       3
       3
       2
       2
       1
       6
       1
       2
       3
       1
       1
       3
       1
       2
       2
       1
       0
       2
       1
       2
       0
       1
       1
       1
       2
       1
       2
       2
       1
       0
       1
       1
       1
       0
       1
       2
       3
       3
       3
       1
       2
       3
       4
       1
       0
       2
       0
       2
       1
       4
       1
       2
       3
       2
       1
       0
       1
       1
       0
       1
       1
       3
       0
       0
       2
       0
       4
       3
       2
       1
       0
       3
       0
       1
       2
       1
       2
       1
       1
       0
       2
       0
       0
       0
       0
       0
       0
       0
       0
       0
       0
       0
       0
       0
       0
       0
       0
       0
       0
       0
       0
       0
       0
       0
       0
       0
       0
       0
       0
       0
       0
       0
       0
       0
       0
       0
       0
       0
       0
       0
       0
       0
       0
       0
       0
       0
       0
       0
       0
       0
       0
       0
       0
$ROI:
1
3 1022
$PRESETS:
Live Time
240
0
$ENER_FIT:
-7.505623 1.460325
$MCA_CAL:
3
-7.505623E+000 1.460325E+000 0.000000E+000 keV
$SHAPE_CAL:
3
1.866601E+000 6.279851E-002 0.000000E+000
