$SPEC_ID:
No sample description was entered.
$SPEC_REM:
DET# 18
DETDESC# WD011-04 Easy-MCA-8k SN 13260152
AP# Maestro Version 7.01
$DATE_MEA:
04/21/2017 16:56:12
$MEAS_TIM:
240 240
$DATA:
0 1023
       0
       0
       0
       0
       0
       0
       0
       0
       0
       6
       8
       6
       8
       8
       2
       9
       6
       5
       3
       8
       6
       5
      13
       2
       5
       6
       9
       5
       7
       4
       5
       9
      11
       2
       6
      10
       4
      11
      11
      14
       8
      10
       8
      16
       9
      15
       7
      13
      17
      11
      12
      10
      10
       5
      10
      13
       6
       7
       7
       8
      13
       9
       5
      16
      14
      17
      12
      23
      18
       8
      16
       9
      10
       5
      15
       9
       9
      14
      14
      18
      17
      17
      13
      21
      21
      27
      32
      37
      24
      34
      27
      37
      33
      38
      23
      30
      36
      28
      21
      34
      28
      34
      27
      37
      31
      35
      37
      49
      46
      51
      41
      51
      50
      51
      39
      44
      44
      39
      33
      37
      38
      40
      40
      34
      35
      45
      33
      42
      43
      44
      31
      35
      37
      35
      32
      37
      37
      39
      34
      32
      30
      32
      40
      40
      41
      34
      26
      35
      30
      32
      33
      29
      27
      38
      30
      34
      24
      45
      41
      29
      34
      35
      32
      38
      33
      39
      32
      37
      33
      41
      35
      38
      33
      40
      40
      36
      27
      28
      29
      34
      35
      37
      21
      41
      42
      35
      46
      33
      32
      30
      35
      30
      38
      32
      29
      39
      32
      36
      34
      35
      36
      49
      30
      27
      29
      33
      41
      32
      39
      22
      41
      38
      32
      34
      39
      34
      44
      33
      38
      40
      32
      38
      40
      42
      31
      43
      28
      35
      20
      34
      35
      38
      39
      42
      36
      22
      36
      41
      34
      36
      41
      32
      37
      37
      27
      42
      38
      37
      37
      26
      42
      40
      46
      29
      42
      42
      43
      46
      34
      33
      39
      39
      31
      36
      46
      44
      42
      30
      29
      34
      25
      37
      34
      40
      35
      20
      37
      30
      34
      37
      29
      36
      29
      27
      22
      23
      28
      20
      34
      21
      15
      18
      28
      13
      22
      23
      17
      17
      19
      23
      16
      22
      15
      14
      17
      16
      12
      14
      19
      18
      12
      23
      18
      15
      11
      25
      18
      22
      15
      15
      12
      15
      16
      10
      14
      20
      18
      14
      20
      16
      17
      15
      10
       7
      16
      17
       8
      17
      14
      15
      17
      10
       8
       8
      17
      12
      13
      16
      12
      10
       9
       7
      13
      16
       9
      10
       8
      10
      12
       8
       7
      10
      11
      12
       8
       9
      12
       9
       9
      13
       5
      11
       7
      15
       8
      11
       8
      10
      10
       6
       8
      10
      13
       9
       6
       7
       7
       6
      10
       5
       7
      11
       7
      11
       7
       6
       9
      11
       8
       6
       9
      12
      12
       9
       8
      13
       3
       5
      12
       7
      13
      13
       7
      14
      11
       9
       9
       8
       5
       7
       5
       8
       7
       6
       7
      12
       8
       8
       6
       5
       9
       9
       3
       9
       4
       3
       5
       3
       8
       3
       5
      10
       4
       7
       9
      11
       9
       9
       3
       5
       9
       8
       5
      12
      10
       4
       6
       7
      11
       4
       4
       6
       4
       9
       7
       8
       4
       6
       6
       4
       6
       6
       3
       8
       7
       8
       6
       4
       3
       8
       5
       6
       9
       7
       7
       8
       8
       5
       7
       6
       3
       8
       6
       3
       9
       5
       9
       2
       2
       8
       7
       8
       6
       4
       6
       6
       9
       5
       6
       7
      13
      12
       6
       3
       1
       6
       4
       6
       5
       3
       5
       4
       3
       3
       4
       6
       2
       2
       2
       3
       3
       6
       1
       7
       6
       7
       6
       6
       4
       2
       7
       7
       3
       2
       5
       3
       7
       5
       1
       3
       6
       5
       4
       6
       3
       3
       9
       3
       2
       4
       6
       5
       0
       8
       3
       2
       5
       6
       3
       3
       1
       3
       5
       1
       2
       3
       3
       5
       4
       4
       4
       1
       3
       1
       5
       2
       7
       9
       6
       5
       6
       4
       7
       4
       2
       4
       6
       4
       1
       1
       5
       6
       4
       5
       8
       7
       5
       2
       2
       5
       2
       4
       7
       5
       7
       8
       3
       3
       5
       5
       2
       2
       2
       6
       8
       3
       2
       1
       3
       5
       7
       2
       1
       5
       6
       8
       5
       0
       7
       5
       3
       6
       6
       5
       5
       3
       5
       3
       3
       6
       0
       5
       2
       2
       4
       5
       5
       2
       1
       1
       5
       1
       5
       3
       3
       4
       4
       1
       0
       3
       2
       4
       2
       2
       4
       1
       4
       5
       5
       1
       3
       1
       5
       2
       5
       4
       2
       3
       2
       2
       1
       2
       4
       6
       6
       7
       2
       3
       3
       5
       1
       8
       4
       2
       4
       3
       5
       2
       2
       2
       1
       1
       3
       4
       5
       2
       3
       2
       4
       2
       7
       0
       1
       1
       2
       6
       2
       4
       0
       1
       2
       3
       3
       3
       5
       1
       3
       4
       1
       4
       5
       6
       1
       2
       3
       7
       2
       2
       4
       5
       5
       1
       5
       5
       2
       5
       4
       2
       7
       1
       2
       7
       3
       3
       1
       2
       1
       5
       1
       5
       4
       8
       4
       0
       3
       2
       1
       2
       2
       2
       4
       4
       2
       5
       3
       1
       7
       3
       2
       2
       7
       3
       4
       1
       2
       2
       3
       5
       3
       0
       4
       3
       3
       1
       6
       3
       2
       5
       2
       2
       4
       2
       4
       3
       1
       1
       2
       2
       2
       4
       2
       2
       4
       1
       4
       3
       3
       2
       3
       1
       3
       1
       4
       1
       5
       3
       3
       1
       0
       2
       3
       3
       3
       3
       1
       4
       1
       2
       4
       1
       3
       3
       3
       1
       1
       1
       4
       0
       0
       2
       1
       1
       3
       3
       1
       3
       4
       0
       2
       1
       2
       0
       3
       1
       0
       2
       2
       2
       6
       3
       0
       2
       1
       0
       4
       3
       0
       1
       1
       1
       0
       5
       3
       0
       2
       1
       2
       1
       1
       3
       1
       1
       4
       1
       2
       3
       0
       1
       1
       1
       3
       0
       5
       4
       1
       2
       0
       0
       3
       2
       1
       2
       2
       2
       2
       2
       0
       3
       0
       3
       3
       5
       2
       0
       1
       2
       2
       2
       1
       2
       3
       1
       0
       1
       2
       1
       1
       2
       0
       2
       1
       2
       1
       1
       2
       1
       0
       0
       3
       3
       1
       0
       1
       1
       0
       1
       5
       3
       1
       2
       0
       0
       0
       0
       0
       0
       0
       0
       0
       0
       0
       0
       0
       0
       0
       0
       0
       0
       0
       0
       0
       0
       0
       0
       0
       0
       0
       0
       0
       0
       0
       0
       0
       0
       0
       0
       0
       0
       0
       0
       0
       0
       0
       0
       0
       0
       0
       0
       0
       0
       0
       0
       0
       0
$ROI:
1
3 1022
$PRESETS:
Live Time
240
0
$ENER_FIT:
-7.505623 1.460325
$MCA_CAL:
3
-7.505623E+000 1.460325E+000 0.000000E+000 keV
$SHAPE_CAL:
3
1.866601E+000 6.279851E-002 0.000000E+000
