$SPEC_ID:
No sample description was entered.
$SPEC_REM:
DET# 18
DETDESC# WD011-04 Easy-MCA-8k SN 13260152
AP# Maestro Version 7.01
$DATE_MEA:
04/21/2017 17:12:59
$MEAS_TIM:
240 240
$DATA:
0 1023
       0
       0
       0
       0
       0
       0
       0
       0
       0
       2
       5
      10
       8
       3
      11
       3
       8
       8
       7
       8
       3
       9
       3
       8
       3
       5
       7
      10
       8
       6
       5
       5
       9
       5
       5
       9
       9
       8
       7
      11
      11
      11
      13
      12
       5
       6
      12
      10
      11
      12
      16
      11
      11
      11
      12
      10
       8
       5
      14
       8
       7
       9
       4
       9
       7
      19
      10
      14
      14
      12
       9
      14
      12
       9
      15
      11
      15
      12
      16
      15
      14
      11
      19
      22
      22
      27
      23
      19
      33
      35
      31
      36
      38
      46
      25
      43
      25
      39
      30
      34
      29
      30
      32
      24
      35
      31
      38
      44
      37
      41
      38
      48
      46
      59
      49
      44
      36
      32
      32
      47
      31
      32
      37
      35
      33
      33
      41
      39
      39
      30
      48
      25
      25
      35
      45
      30
      33
      35
      28
      37
      30
      41
      35
      48
      31
      40
      37
      25
      39
      26
      41
      39
      25
      40
      36
      36
      45
      49
      32
      37
      29
      32
      39
      41
      43
      51
      26
      31
      34
      31
      38
      40
      26
      46
      45
      35
      40
      38
      40
      40
      34
      25
      35
      43
      34
      36
      40
      40
      43
      35
      53
      23
      40
      34
      22
      32
      39
      32
      41
      36
      31
      36
      36
      41
      27
      30
      48
      40
      37
      33
      31
      42
      30
      38
      30
      40
      45
      38
      39
      31
      38
      36
      41
      31
      42
      25
      37
      24
      39
      44
      34
      28
      47
      39
      39
      32
      28
      28
      32
      44
      32
      42
      34
      25
      42
      42
      31
      36
      46
      50
      38
      28
      38
      37
      32
      43
      43
      34
      41
      43
      28
      45
      43
      39
      42
      41
      39
      34
      42
      46
      34
      36
      29
      33
      41
      33
      31
      30
      24
      25
      22
      24
      32
      34
      24
      36
      28
      26
      19
      25
      26
      27
      19
      15
      17
      20
      14
      16
      20
      28
      19
      14
      12
      14
      21
      18
      17
      20
      20
      20
      15
      20
      13
      16
      18
      16
      12
      13
      16
      13
      14
      19
      23
      10
      17
      14
      11
      23
      21
      13
      14
      14
      11
      15
       8
      16
      17
      15
      14
      10
      17
      17
      16
      15
       9
      16
      14
      10
      13
      10
      11
       6
      18
      15
      12
      18
      13
      10
      17
       9
      18
      11
       7
      11
       9
       8
       9
      11
       8
       8
      12
      11
      10
       8
       7
       9
      10
      10
       7
       8
       8
       7
      13
      14
      12
       9
       9
      16
       5
       7
       8
      12
       9
       6
      14
       7
      11
      13
      11
      10
       7
      10
       3
       5
       9
       5
       6
       3
       5
       8
      12
       6
      11
      12
       6
      11
       6
       5
       7
      14
       8
      10
       4
      15
      10
       8
       8
      12
      10
       6
      11
       4
       7
       8
       5
      11
      13
      14
       8
       6
       7
       5
       7
       6
       6
       3
       5
       2
      10
       8
       8
       8
       6
       9
       8
       6
       3
       6
       4
       5
      10
       4
       7
       7
       4
       5
       7
      12
       6
       8
       7
       5
       4
       7
       6
       5
       2
       5
       4
       5
       4
       7
       6
       4
       8
       2
       5
      11
       5
       5
       5
       3
       6
       4
       3
       3
       3
       7
       4
       9
       2
       6
       5
       7
       3
       1
       1
       3
       1
       3
       6
       6
       5
       3
       3
       8
       2
      10
       6
      11
       3
       5
       2
       5
       8
       8
       5
       7
       5
       7
       2
       6
       3
       3
       2
       5
       4
       5
       7
       2
       9
       5
       4
       5
       4
       7
       0
      11
       4
       3
       5
       7
       4
       6
       7
       3
      11
       3
       6
       5
       5
       1
       5
       6
       3
       4
       6
       6
       3
       5
       6
       4
       6
       3
       4
       2
       3
       4
       5
       5
       4
       5
       5
       3
       2
       3
       8
       3
       2
       4
       5
       5
       7
       6
       5
       4
       2
       6
       4
       8
       5
       2
       6
       3
       6
       7
       3
       2
       6
       9
       6
       4
       4
       1
       4
       2
       4
       2
       4
       6
       4
       4
       3
       3
       1
       4
       3
       4
       2
       2
       0
       6
       4
       4
       0
       2
       2
       9
       2
       2
       5
       7
       3
       3
       3
       3
       6
       5
       1
       2
       4
       2
       5
       2
       4
       5
       5
       1
       6
       3
       2
       5
       3
       0
       7
       0
       4
       2
       6
       3
       3
       5
       2
       5
       3
       5
       4
       3
       4
       4
       4
       1
       3
       2
       5
       4
       3
       2
       2
       7
       4
       1
       5
       5
       8
       3
       3
       2
       1
       4
       4
       5
       1
       2
       4
       3
       2
       1
       3
       3
       3
       4
       5
       5
       2
       3
       2
       2
       6
       5
       1
       3
       4
       4
       1
       4
       1
       1
       0
       2
       2
       2
       4
       1
       1
       3
       3
       8
       2
       3
       3
       1
       2
       2
       3
       0
       4
       1
       5
       1
       2
       2
       7
       2
       2
       7
       2
       2
       2
       1
       5
       0
       4
       2
       0
       4
       3
       2
       3
       3
       3
       5
       5
       8
       3
       3
       3
       1
       1
       2
       0
       2
       1
       3
       5
       3
       1
       1
       1
       3
       4
       5
       4
       2
       6
       3
       3
       4
       4
       2
       4
       2
       4
       5
       4
       1
       4
       1
       1
       6
       3
       5
       4
       3
       2
       1
       2
       1
       2
       3
       1
       2
       4
       2
       2
       4
       0
       4
       2
       3
       2
       2
       2
       1
       2
       0
       4
       1
       3
       2
       0
       2
       3
       4
       5
       1
       3
       3
       1
       2
       5
       4
       3
       6
       5
       1
       1
       4
       2
       2
       2
       0
       2
       1
       2
       1
       1
       0
       0
       0
       1
       4
       1
       2
       2
       1
       4
       3
       2
       1
       0
       3
       1
       2
       4
       2
       0
       1
       1
       4
       1
       1
       2
       1
       1
       1
       4
       3
       2
       2
       2
       0
       3
       4
       1
       0
       0
       4
       2
       2
       4
       1
       2
       2
       1
       2
       2
       4
       3
       2
       3
       2
       2
       1
       1
       2
       3
       3
       2
       1
       3
       2
       2
       0
       1
       1
       3
       2
       2
       3
       2
       1
       2
       1
       0
       0
       1
       3
       1
       1
       0
       1
       4
       2
       3
       2
       1
       4
       2
       2
       1
       0
       1
       2
       2
       2
       4
       2
       0
       0
       1
       2
       0
       0
       0
       0
       0
       0
       0
       0
       0
       0
       0
       0
       0
       0
       0
       0
       0
       0
       0
       0
       0
       0
       0
       0
       0
       0
       0
       0
       0
       0
       0
       0
       0
       0
       0
       0
       0
       0
       0
       0
       0
       0
       0
       0
       0
       0
       0
       0
       0
       0
       0
       0
$ROI:
1
3 1022
$PRESETS:
Live Time
240
0
$ENER_FIT:
-7.505623 1.460325
$MCA_CAL:
3
-7.505623E+000 1.460325E+000 0.000000E+000 keV
$SHAPE_CAL:
3
1.866601E+000 6.279851E-002 0.000000E+000
