$SPEC_ID:
No sample description was entered.
$SPEC_REM:
DET# 18
DETDESC# WD011-04 Easy-MCA-8k SN 13260152
AP# Maestro Version 7.01
$DATE_MEA:
04/21/2017 15:55:15
$MEAS_TIM:
240 240
$DATA:
0 1023
       0
       0
       0
       0
       0
       0
       0
       0
       0
       7
       5
       5
       8
       2
       4
       5
       5
       6
       3
       5
       6
       9
       3
       8
      10
       4
       6
       8
       9
       4
       4
       7
       8
       5
       6
       3
      10
      10
       5
      10
       8
      14
      20
      21
      12
      14
      14
      12
      22
       7
       7
      16
       9
       7
       5
       4
       7
       8
       7
       9
       5
       8
       6
      13
       5
      13
      16
      13
       9
       8
      19
       7
       6
      10
      11
       9
       9
      15
      16
       8
      15
       9
      17
      22
      24
      17
      34
      19
      26
      39
      41
      42
      43
      34
      35
      21
      38
      29
      30
      27
      29
      24
      25
      32
      29
      33
      28
      38
      41
      43
      46
      40
      53
      33
      42
      40
      41
      42
      36
      20
      20
      31
      34
      33
      28
      35
      27
      29
      35
      43
      23
      32
      35
      41
      31
      40
      29
      35
      22
      37
      23
      23
      31
      29
      32
      35
      28
      25
      31
      30
      33
      27
      33
      30
      25
      30
      43
      27
      32
      36
      23
      33
      21
      17
      33
      26
      33
      30
      40
      24
      37
      37
      35
      36
      37
      27
      32
      34
      37
      27
      34
      35
      27
      34
      37
      32
      45
      30
      37
      29
      25
      23
      36
      41
      24
      37
      28
      35
      36
      42
      36
      38
      31
      26
      32
      35
      38
      28
      35
      23
      39
      34
      37
      29
      31
      39
      31
      28
      34
      32
      22
      36
      36
      32
      32
      32
      36
      35
      31
      24
      39
      31
      32
      32
      38
      30
      31
      25
      41
      20
      37
      23
      26
      40
      36
      41
      19
      30
      26
      41
      31
      41
      43
      42
      41
      37
      41
      43
      43
      40
      37
      34
      33
      33
      38
      35
      31
      34
      48
      37
      45
      29
      27
      19
      30
      36
      37
      24
      20
      22
      14
      25
      30
      28
      25
      19
      25
      18
      21
      17
      22
      22
      12
      23
      19
      24
      17
      12
      19
      14
      16
      13
      17
      16
      14
      14
      23
      16
      12
      12
      14
       8
      12
      20
      13
      14
      13
      16
       9
      12
      16
      18
      13
      12
      11
      15
      13
      16
      15
      15
       9
      11
      16
      27
       8
      10
      13
      12
      10
      14
      13
      12
      16
      15
      11
       9
      12
      13
      15
       8
      10
       8
       5
      17
       9
      10
       6
      10
       6
       5
       8
       5
       7
       3
       7
      10
      11
      18
      13
       5
       9
       7
       8
       6
       9
      12
      11
      12
       8
       3
       9
      10
       5
      10
       8
       8
       6
      11
       8
       9
       9
      10
       7
       9
       9
       9
       7
      14
       9
      11
      13
      11
       5
      12
       8
       6
       5
       4
       5
       8
       6
       3
       6
       7
       1
      10
       5
       8
       6
       8
       3
       8
       8
       6
      12
       5
       7
      10
       6
       6
       4
       7
       4
       4
       6
       3
       5
       5
       7
       5
       5
       7
       6
       9
       4
       6
       6
      11
       5
       8
       3
      10
       4
      11
       6
       6
       6
      10
       3
       4
       5
       5
       7
       8
       4
      13
       5
       5
       9
       5
       4
       4
       2
       6
       4
       8
       3
       2
      11
       6
       6
       5
       7
       7
       6
       5
       7
       5
       4
       8
      10
       4
       6
       5
       7
       6
       6
       9
       4
       7
       3
       3
       6
      10
       3
       6
       7
       3
       1
       5
       6
       5
       9
       1
       4
       3
       3
       4
       8
       1
       6
       3
       5
       1
       5
       6
       3
       2
       4
       4
       4
       2
       5
       7
       1
       0
       6
       6
       7
       5
       1
       2
       3
       6
       2
       4
       5
       6
       3
       3
       4
       4
       4
       5
       2
       2
       0
       4
       4
       1
       4
       2
       6
       1
       3
       0
       5
       4
       6
       3
       5
       6
       4
       2
       6
       1
       6
       8
       5
       7
       3
       4
       3
       7
       3
       3
       1
       3
       5
       3
       0
       2
       1
       2
       3
       1
       3
       3
       1
       7
       2
       2
       4
       4
       2
       5
       4
       2
       6
       3
       1
       4
       2
       1
       5
       5
       4
       2
       2
       3
       4
       3
       4
       4
       2
       5
       4
       2
       3
       2
       3
       2
       4
       3
       3
       3
       4
       4
       6
       5
       4
       4
       4
       2
       3
       3
       5
       5
       7
       4
       3
       1
       3
       2
       4
       3
       2
       1
       3
       4
       1
       2
       2
       0
       3
       6
       1
       6
       4
       2
       6
       2
       1
       3
       1
       4
       2
       2
       5
       2
       3
       2
       0
       7
       2
       3
       2
       6
       2
      10
       5
       5
       4
       7
       2
       6
       3
       3
       3
       3
       3
       2
       2
       3
       3
       3
       8
       5
       2
       1
       2
       1
       2
       2
       1
       2
       1
       0
       2
       7
       2
       3
       2
       6
       3
       3
       3
       2
       1
       1
       4
       5
       4
       4
       2
       4
       3
       4
       1
       1
       1
       1
       0
       1
       3
       2
       2
       3
       0
       2
       4
       4
       3
       4
       4
       4
       1
       2
       2
       4
       2
       0
       1
       2
       4
       2
       3
       7
       2
       1
       0
       2
       2
       5
       2
       1
       3
       4
       1
       1
       3
       0
       1
       2
       3
       1
       3
       2
       3
       5
       1
       4
       1
       6
       4
       2
       2
       0
       4
       4
       5
       1
       2
       1
       3
       0
       1
       4
       1
       3
       0
       2
       4
       0
       3
       1
       4
       2
       1
       6
       1
       1
       2
       3
       1
       1
       2
       2
       2
       4
       2
       2
       7
       1
       2
       4
       0
       2
       3
       0
       0
       1
       1
       1
       4
       3
       2
       1
       3
       6
       3
       3
       0
       1
       5
       1
       1
       1
       3
       2
       5
       4
       1
       2
       0
       0
       0
       2
       2
       3
       3
       2
       0
       3
       3
       2
       1
       2
       1
       3
       2
       2
       3
       1
       0
       0
       1
       1
       3
       2
       2
       3
       1
       1
       1
       1
       2
       4
       3
       1
       0
       2
       1
       2
       0
       4
       2
       2
       3
       0
       3
       4
       3
       2
       0
       1
       0
       2
       2
       1
       1
       4
       3
       2
       1
       3
       0
       2
       1
       2
       1
       0
       1
       1
       2
       1
       1
       5
       3
       0
       1
       0
       1
       1
       1
       2
       3
       0
       3
       2
       1
       1
       2
       0
       1
       2
       0
       0
       1
       2
       2
       0
       0
       0
       2
       3
       0
       0
       0
       2
       2
       1
       0
       0
       0
       0
       0
       0
       0
       0
       0
       0
       0
       0
       0
       0
       0
       0
       0
       0
       0
       0
       0
       0
       0
       0
       0
       0
       0
       0
       0
       0
       0
       0
       0
       0
       0
       0
       0
       0
       0
       0
       0
       0
       0
       0
       0
       0
       0
       0
       0
       0
       0
       0
$ROI:
1
3 1022
$PRESETS:
Live Time
240
0
$ENER_FIT:
-7.505623 1.460325
$MCA_CAL:
3
-7.505623E+000 1.460325E+000 0.000000E+000 keV
$SHAPE_CAL:
3
1.866601E+000 6.279851E-002 0.000000E+000
