$SPEC_ID:
No sample description was entered.
$SPEC_REM:
DET# 18
DETDESC# WD011-04 Easy-MCA-8k SN 13260152
AP# Maestro Version 7.01
$DATE_MEA:
04/21/2017 15:49:02
$MEAS_TIM:
240 240
$DATA:
0 1023
       0
       0
       0
       0
       0
       0
       0
       0
       0
       3
       2
       7
       1
       4
       6
       2
       9
       9
       3
       5
       4
       8
       6
       5
       9
       8
       8
      15
       4
       7
       8
       7
       5
       6
       4
      11
       5
       6
       8
       8
       5
       7
       8
      11
      10
       8
      14
      13
      17
      12
      10
      12
      10
      14
      12
       5
      15
      10
       8
       4
      10
       5
       9
      16
       9
      10
      11
      15
      15
      14
       7
       9
      11
       9
       7
      10
      10
      16
      16
      14
      14
      16
      15
      13
      14
      20
      25
      31
      35
      32
      33
      32
      37
      42
      44
      42
      35
      30
      19
      21
      14
      25
      29
      28
      25
      25
      35
      41
      33
      34
      36
      44
      42
      39
      49
      40
      36
      25
      45
      43
      34
      29
      30
      29
      22
      31
      26
      27
      22
      33
      24
      29
      40
      36
      26
      29
      35
      23
      26
      38
      32
      20
      29
      35
      23
      31
      20
      22
      22
      25
      33
      37
      33
      34
      38
      23
      30
      32
      19
      27
      30
      25
      32
      27
      25
      30
      33
      23
      34
      25
      27
      35
      25
      30
      37
      36
      28
      30
      25
      26
      33
      22
      38
      33
      31
      36
      30
      37
      32
      37
      24
      35
      41
      25
      27
      22
      31
      36
      35
      33
      33
      44
      30
      42
      30
      27
      34
      29
      40
      28
      35
      31
      30
      38
      30
      22
      22
      34
      41
      27
      34
      25
      34
      36
      36
      39
      41
      40
      26
      25
      28
      39
      36
      32
      31
      41
      37
      33
      29
      31
      38
      44
      30
      34
      43
      30
      26
      35
      28
      35
      43
      38
      30
      34
      37
      38
      37
      42
      40
      43
      36
      39
      36
      38
      49
      35
      40
      37
      21
      30
      30
      27
      28
      28
      26
      18
      18
      31
      29
      16
      32
      23
      31
      29
      18
      24
      20
      19
      21
      20
      25
      28
      21
      18
      13
      17
       9
      11
       9
      25
      15
      19
      12
      27
      13
      17
      17
      17
      16
      16
      14
      13
      16
      12
      14
      24
      14
      11
      11
      14
      12
      15
      10
      16
      13
      17
      14
       9
      10
      12
      11
       9
       8
       9
      12
       4
      14
      13
      13
      14
      18
       8
      10
       8
      16
      11
       6
      12
      11
      13
      12
       7
       8
       3
      10
      14
      10
      14
       4
       9
      10
      15
       7
      13
       8
       5
       9
      11
       6
      13
      11
       4
       9
       4
       7
       7
       8
       5
      10
       9
       5
      12
       7
      13
       8
       5
       4
       8
       4
       6
       5
       7
       5
       8
       8
       6
       5
       8
       6
       6
       4
       2
      11
       4
       9
       4
       6
       4
       8
       7
       5
      14
       5
      10
       7
       9
      11
       7
       2
       8
       6
       9
       6
       3
       2
       6
       8
       7
       5
      11
       7
       4
      10
       4
       4
       8
       6
       8
      10
       7
       4
       8
       3
       4
       4
       7
       5
       7
       7
       6
       7
       3
       5
       5
       6
      12
       4
       7
      13
       4
       4
       8
       1
       6
       2
       3
      11
       8
       4
       6
       6
       5
       4
      11
       4
       5
       3
       9
       8
       8
      10
       6
       7
       4
       7
       3
       5
       5
       2
       6
       2
       8
       6
       6
       4
       7
       3
      10
      10
       7
       9
       2
       2
       1
       8
       6
       5
       5
       7
       5
       7
       3
       8
       4
       5
       7
       4
       3
       6
       4
       7
       2
       5
       4
       3
       8
       3
       5
       3
       2
       6
       4
       3
       3
       2
       1
       3
       2
       1
       3
       6
       1
       3
       8
       6
       0
       4
       3
       3
       4
       1
       6
       5
       1
       3
       3
       5
       5
       4
       3
       4
       4
       8
       6
       4
       3
       2
       5
       6
       3
       3
       1
       6
       2
       1
       5
       4
       3
       2
       4
       5
       2
       4
       5
       3
       5
       3
       3
       3
       3
       7
       4
       2
       3
       4
       4
       9
       3
       4
       2
       3
       4
       8
       3
       2
       6
       1
       2
       3
       2
       2
       1
       2
       2
       1
       0
       3
       6
       3
       4
       6
       4
       3
       0
       2
       1
       2
       2
       1
       2
       0
       2
       5
       2
       2
       2
       3
       4
       4
       1
       1
       2
       5
       5
       4
       2
       2
       2
       1
       2
       2
       1
       3
       2
       2
       5
       2
       4
       5
       1
       1
       6
       4
       5
       3
       3
       3
       5
       2
       1
       4
       2
       2
       3
       5
       2
       4
       1
       3
       5
       4
       4
       4
       3
       1
       3
       5
       2
       2
       3
       3
       4
       2
       5
       0
       3
       0
       2
       5
       2
       5
       5
       2
       3
       2
       8
       4
       4
       3
       5
       0
       2
       6
       1
       4
       1
       3
       1
       4
       1
       5
       2
       3
       4
       1
       1
       1
       2
       1
       5
       2
       1
       5
       3
       3
       2
       1
       2
       1
       4
       3
       5
       1
       3
       2
       1
       0
       6
       2
       3
       1
       7
       2
       3
       2
       2
       2
       1
       1
       3
       5
       3
       1
       3
       2
       0
       3
       2
       3
       2
       2
       4
       4
       4
       2
       4
       2
       1
       6
       4
       2
       2
       2
       2
       4
       1
       2
       1
       2
       2
       4
       0
       5
       1
       2
       1
       1
       3
       3
       2
       1
       4
       1
       3
       2
       2
       3
       5
       2
       4
       6
       3
       5
       2
       6
       1
       2
       2
       1
       2
       1
       3
       2
       5
       1
       4
       1
       2
       3
       1
       0
       1
       3
       3
       3
       1
       4
       3
       2
       1
       0
       1
       2
       3
       0
       9
       2
       1
       0
       1
       1
       0
       3
       2
       1
       2
       1
       3
       2
       2
       1
       3
       3
       3
       2
       2
       0
       1
       2
       0
       2
       4
       4
       0
       1
       2
       2
       1
       1
       3
       4
       2
       3
       2
       2
       0
       1
       3
       1
       2
       3
       4
       1
       2
       2
       0
       0
       2
       1
       0
       3
       2
       4
       2
       2
       1
       2
       1
       2
       2
       2
       3
       4
       0
       3
       4
       1
       0
       2
       0
       1
       3
       6
       2
       2
       2
       0
       0
       3
       2
       1
       0
       2
       4
       2
       1
       1
       2
       0
       1
       3
       0
       1
       1
       4
       1
       1
       0
       3
       2
       1
       3
       2
       1
       3
       3
       1
       3
       3
       0
       1
       2
       1
       1
       0
       2
       4
       4
       1
       1
       1
       0
       0
       0
       0
       0
       0
       0
       0
       0
       0
       0
       0
       0
       0
       0
       0
       0
       0
       0
       0
       0
       0
       0
       0
       0
       0
       0
       0
       0
       0
       0
       0
       0
       0
       0
       0
       0
       0
       0
       0
       0
       0
       0
       0
       0
       0
       0
       0
       0
       0
       0
       0
       0
$ROI:
1
3 1022
$PRESETS:
Live Time
240
0
$ENER_FIT:
-7.505623 1.460325
$MCA_CAL:
3
-7.505623E+000 1.460325E+000 0.000000E+000 keV
$SHAPE_CAL:
3
1.866601E+000 6.279851E-002 0.000000E+000
