$SPEC_ID:
No sample description was entered.
$SPEC_REM:
DET# 18
DETDESC# WD011-04 Easy-MCA-8k SN 13260152
AP# Maestro Version 7.01
$DATE_MEA:
04/21/2017 17:20:04
$MEAS_TIM:
240 240
$DATA:
0 1023
       0
       0
       0
       0
       0
       0
       0
       0
       1
      25
      17
      13
      23
      13
      11
       8
       8
       8
       8
       8
       9
       8
      10
       8
       5
       4
       5
       8
       6
       6
       9
       8
       7
       8
       5
       3
      15
       7
      11
       6
       7
       9
      13
      14
       8
      14
      17
      10
       8
      10
       9
       7
      13
       8
       7
       8
      10
       9
       6
      13
      14
      10
      11
       9
      10
      12
      16
      17
      11
      12
      13
      11
      10
      13
       9
      10
      10
      19
      16
      13
      15
       8
      19
      14
      31
      18
      21
      33
      33
      28
      36
      44
      49
      37
      44
      30
      34
      24
      30
      35
      32
      28
      22
      29
      44
      37
      34
      31
      44
      45
      40
      61
      56
      62
      43
      51
      37
      40
      32
      26
      39
      30
      23
      40
      32
      29
      42
      29
      34
      39
      42
      42
      35
      49
      36
      29
      36
      27
      31
      40
      37
      38
      30
      35
      41
      26
      33
      40
      24
      35
      38
      22
      39
      36
      36
      38
      30
      45
      28
      37
      36
      48
      31
      23
      29
      42
      29
      24
      36
      37
      38
      31
      41
      31
      48
      42
      38
      40
      44
      31
      37
      42
      37
      29
      30
      45
      35
      34
      39
      32
      35
      45
      40
      41
      42
      33
      30
      30
      31
      38
      42
      40
      30
      35
      42
      40
      21
      31
      40
      38
      41
      38
      34
      32
      38
      28
      33
      47
      35
      25
      39
      52
      29
      35
      35
      49
      37
      38
      28
      29
      29
      35
      37
      38
      29
      34
      37
      29
      33
      40
      47
      39
      23
      38
      37
      30
      46
      46
      32
      34
      35
      31
      45
      34
      41
      46
      35
      43
      36
      38
      38
      50
      39
      32
      33
      41
      36
      29
      35
      46
      38
      45
      32
      25
      34
      43
      31
      30
      25
      33
      30
      40
      23
      29
      23
      32
      22
      17
      28
      22
      18
      23
      14
      18
      25
      23
      22
      24
      32
      15
      14
      23
      24
      20
      23
      16
      17
      20
      17
      16
      17
      22
      18
       8
      15
      20
      12
      14
      18
      25
      17
      21
      13
      18
      19
      13
      10
      10
      13
      23
      20
      11
      15
      13
       8
      15
      17
      10
      12
      22
      13
      17
      10
      18
       9
       9
      11
      15
      12
       8
      10
      14
       9
      19
       7
      10
      15
       7
      12
      10
       5
       5
      16
      13
      14
       8
       9
       8
      11
      15
      15
       9
       9
      15
       9
      10
      13
       8
      15
      10
      15
      11
      19
       6
       7
       9
      16
       5
      12
      12
      11
      10
       4
      13
      14
      13
       5
       7
       8
       2
      11
      12
      11
       8
      10
       8
      16
       8
       8
       3
       5
       3
       5
       4
       2
       7
       5
       6
       7
       7
      13
      10
       4
       8
       6
       6
      10
       7
      10
       8
      10
       5
      12
       2
       8
      11
       5
       6
       2
       9
       7
       8
       4
       9
       8
       6
       8
       7
       5
       8
       8
       3
       6
       5
       5
       6
       8
       5
       6
       6
       5
       4
       8
       3
       8
       5
       3
       6
       5
       9
       6
       3
       1
       5
       7
       4
      12
       6
       6
       5
       5
       4
       7
       7
       8
       2
      12
       6
       5
       9
       2
       8
       9
       2
       6
       4
       7
       5
       4
      13
      11
       7
       8
       6
       5
       4
       6
       6
       7
       6
       7
       6
       6
      10
       7
       6
       3
       8
       4
       2
       8
       7
       5
       4
       5
       1
       7
       5
       5
       6
       3
       4
       4
       6
       2
       3
       6
       9
       4
       4
       4
       6
       4
       4
       3
       2
       5
       6
      11
       5
       8
       6
       3
       2
       4
       3
       4
       6
       3
       4
       9
       5
       2
       0
       3
       1
       4
       6
       2
       5
       7
       4
       3
       4
       8
       6
       3
       3
       4
       3
       3
       9
       3
       3
       6
       3
       7
       8
      10
       2
       5
       2
       2
       4
       3
       3
       3
       5
       1
       4
       1
       5
       6
       3
       2
       2
       3
       5
       5
       3
       4
       6
       2
       3
       6
       4
       1
       8
       8
       6
       2
       0
       5
       4
       2
       6
       4
       5
       2
       9
       5
       3
       1
       5
       5
       6
       6
       2
       6
       4
       5
       3
       5
       4
       3
       3
       0
       1
       3
       3
       0
       5
       5
       3
       2
       9
       4
       3
       3
       4
       4
       2
       4
       3
       4
       7
       7
       5
       1
       2
       1
       2
       0
       2
       3
       4
       4
       6
       2
       4
       1
       4
       3
       2
       5
       5
       5
       7
       4
       1
       3
       3
       2
       5
       3
       2
       1
       4
       4
       3
       3
       5
       4
       2
       3
       2
       7
       7
       4
       2
       3
       2
       0
       0
       4
       4
       3
       2
       0
       3
       3
       1
       2
       0
       1
       7
       3
       6
       3
       5
       1
       3
       2
       3
       1
       1
       3
       4
       7
       0
       5
       7
       3
       3
       4
       2
       2
       4
       2
       6
       2
       0
       3
       5
       3
       1
       2
       5
       2
       1
       0
       2
       3
       5
       2
       3
       0
       8
       3
       1
       2
       1
       3
       5
       0
       1
       1
       2
       8
       1
       1
       4
       3
       2
       4
       4
       4
       2
       7
       4
       2
       3
       5
       7
       3
       2
       3
       4
       1
       4
       6
       3
       2
       2
       2
       4
       3
       2
       0
       4
       2
       2
       2
       3
       1
       2
       3
       3
       5
       2
       3
       2
       4
       1
       2
       1
       2
       3
       3
       2
       3
       3
       2
       1
       3
       0
       3
       1
       3
       2
       3
       2
       2
       2
       3
       1
       4
       1
       4
       4
       4
       4
       0
       2
       5
       2
       0
       4
       3
       3
       1
       1
       2
       4
       6
       2
       1
       3
       3
       4
       0
       3
       1
       0
       5
       6
       2
       1
       3
       2
       2
       1
       3
       2
       2
       2
       4
       3
       4
       2
       3
       2
       1
       1
       2
       2
       2
       5
       5
       2
       0
       2
       2
       5
       4
       2
       1
       1
       0
       1
       6
       2
       4
       2
       3
       2
       1
       1
       3
       3
       2
       2
       2
       3
       2
       2
       1
       2
       3
       1
       2
       1
       3
       0
       0
       1
       1
       0
       2
       1
       0
       1
       3
       1
       2
       4
       0
       2
       1
       0
       5
       1
       0
       2
       5
       1
       1
       1
       1
       1
       1
       0
       3
       3
       0
       3
       1
       1
       0
       4
       0
       4
       0
       0
       0
       0
       0
       0
       0
       0
       0
       0
       0
       0
       0
       0
       0
       0
       0
       0
       0
       0
       0
       0
       0
       0
       0
       0
       0
       0
       0
       0
       0
       0
       0
       0
       0
       0
       0
       0
       0
       0
       0
       0
       0
       0
       0
       0
       0
       0
       0
       0
       0
       0
$ROI:
1
3 1022
$PRESETS:
Live Time
240
0
$ENER_FIT:
-7.505623 1.460325
$MCA_CAL:
3
-7.505623E+000 1.460325E+000 0.000000E+000 keV
$SHAPE_CAL:
3
1.866601E+000 6.279851E-002 0.000000E+000
