$SPEC_ID:
No sample description was entered.
$SPEC_REM:
DET# 18
DETDESC# WD011-04 Easy-MCA-8k SN 13260152
AP# Maestro Version 7.01
$DATE_MEA:
04/21/2017 16:50:33
$MEAS_TIM:
240 240
$DATA:
0 1023
       0
       0
       0
       0
       0
       0
       0
       0
       0
       8
       9
       8
       6
       5
       5
       4
       6
       9
       9
       7
       6
       6
       8
       5
       5
       7
       4
       6
      10
       7
       9
       5
       7
       5
       3
       9
       6
      10
       8
      13
      15
      14
      24
      14
      18
      11
      11
      14
       9
      11
      16
      13
      10
      13
       8
       7
      11
       8
      13
       7
      11
       9
      13
      14
      17
      17
       7
      13
       8
      12
       8
      11
      10
       8
      17
      14
       8
      11
      12
      17
      21
      13
      16
      22
      17
      27
      33
      25
      36
      42
      32
      26
      42
      50
      36
      43
      27
      41
      30
      24
      23
      27
      24
      39
      31
      38
      36
      43
      46
      39
      37
      46
      49
      41
      60
      45
      36
      42
      37
      36
      27
      33
      26
      39
      31
      34
      37
      23
      42
      35
      26
      30
      30
      37
      29
      39
      33
      32
      32
      38
      37
      44
      25
      35
      36
      22
      39
      34
      39
      28
      37
      31
      30
      27
      26
      32
      31
      28
      43
      30
      31
      30
      32
      30
      30
      37
      24
      27
      35
      33
      32
      39
      29
      42
      43
      39
      30
      40
      42
      30
      21
      27
      53
      29
      36
      42
      27
      31
      23
      29
      38
      26
      43
      27
      35
      32
      37
      47
      35
      45
      32
      36
      30
      32
      43
      32
      29
      39
      35
      37
      28
      37
      41
      39
      41
      41
      26
      43
      46
      42
      38
      35
      29
      29
      35
      36
      32
      52
      44
      33
      30
      42
      39
      32
      25
      34
      40
      27
      27
      31
      36
      37
      27
      39
      28
      41
      33
      36
      30
      37
      34
      29
      38
      41
      20
      37
      35
      43
      38
      34
      39
      42
      44
      50
      45
      52
      47
      36
      39
      39
      40
      40
      28
      35
      24
      31
      30
      33
      26
      27
      33
      20
      30
      29
      23
      25
      22
      30
      23
      21
      25
      18
      16
      19
      26
      24
      18
      22
      22
      11
      19
      12
      14
      19
      20
      27
      11
      24
      20
      16
      14
      13
      13
      21
      20
      20
      12
      14
      22
      10
      16
      15
      16
       9
      19
      18
      14
      12
      15
      12
      16
      13
      14
      17
      12
      15
      14
      16
      10
      18
      12
      11
       8
      10
       9
      19
      12
      14
       8
      12
      11
       9
      13
       6
       5
       9
      11
      10
      11
      13
      11
       7
       6
      11
       9
       9
       8
       9
      13
      14
      12
       7
      12
       7
       9
       5
       9
      16
       4
      11
      13
       7
       9
       8
       8
       5
       9
       8
       9
       6
      10
       8
      10
      18
      16
      12
       9
      10
       8
      11
       9
       7
       8
       7
       7
       8
       8
      10
       8
       5
      14
       7
       6
       8
       5
       9
       8
       8
       9
      10
       6
      10
       9
       9
       6
       7
       6
      13
       9
       3
       7
       6
       4
       5
       9
      13
      10
       9
       9
       8
       3
       8
       6
       8
       7
       7
       6
       8
      12
       6
       6
       7
       9
       3
       5
       5
       8
      10
       9
       8
       6
       6
       9
       7
       6
       9
       7
       5
       6
       5
       2
       7
       9
       4
      10
       7
       5
       5
       7
       3
      10
       5
       4
      10
      13
       9
       6
       2
      15
       5
      11
       8
       5
       5
       3
       5
       6
      11
       4
      12
       7
       6
       7
       5
       2
       9
       8
       3
       4
       3
       1
       6
      10
       8
       6
       2
       5
       3
       3
       6
       4
       5
       3
       2
       5
       5
       7
       1
      11
       2
       1
       3
       9
       3
       3
       4
       0
       8
       4
       2
       2
      10
       6
       1
       2
       6
       4
       1
       3
       2
       6
       1
       1
       4
       6
       1
       8
       9
       5
       4
       2
      10
       5
       4
       7
       6
       0
       4
       4
       3
       8
       3
       5
       2
       3
       3
       7
       5
       5
       9
       4
       3
       5
       4
       3
       1
       3
       5
       2
       4
       2
       2
       1
       6
       4
       0
       5
       2
       1
       4
       4
       3
       3
       7
       2
       5
       1
       5
       2
       5
       5
       4
       5
       3
       5
       6
       5
       3
       6
       5
       3
       2
       6
       1
       2
       1
       1
       4
       4
       5
       4
       1
       6
       2
       4
       4
       5
       1
       5
       4
       6
       3
       4
       1
       3
       2
       6
       1
       5
       7
       2
       1
       2
       2
       1
       6
       2
       3
       5
       1
       5
       2
       3
       5
       3
       3
       4
       5
       4
       3
       6
       7
       2
       5
       4
       7
       3
       5
       1
       4
       5
       5
       0
       3
       3
       2
       3
       2
       4
       0
       0
       3
       3
       5
       3
       3
       3
       3
       2
       3
       1
       2
       4
       5
       3
       3
       2
       5
       3
       3
       3
       3
       6
       4
       2
       3
       3
       4
       4
       1
       4
       2
       1
       1
       3
       1
       3
       2
       5
       1
       3
       4
       1
       2
       1
       3
       0
       3
       2
       2
       0
       1
       0
       1
       3
       3
       6
       2
       1
       2
       1
       1
       4
       5
       1
       4
       2
       3
       3
       1
       1
       3
       2
       1
       5
       4
       1
       4
       3
       1
       3
       3
       2
       2
       3
       2
       2
       1
       0
       3
       2
       2
       2
       4
       1
       3
       4
       4
       0
       1
       4
       3
       3
       5
       5
       2
       4
       2
       2
       2
       2
       3
       3
       1
       3
       1
       3
       2
       2
       3
       3
       2
       2
       1
       1
       2
       2
       1
       4
       2
       4
       3
       2
       4
       1
       2
       3
       1
       0
       5
       2
       2
       1
       0
       5
       2
       4
       3
       3
       1
       4
       2
       2
       0
       4
       0
       1
       2
       1
       1
       2
       3
       0
       0
       2
       0
       0
       3
       4
       0
       0
       1
       4
       1
       6
       1
       1
       1
       1
       4
       2
       1
       2
       1
       0
       1
       0
       7
       0
       2
       2
       1
       1
       4
       4
       4
       0
       1
       6
       3
       3
       4
       4
       3
       1
       3
       0
       2
       3
       5
       1
       2
       1
       2
       2
       2
       4
       1
       6
       0
       4
       1
       1
       2
       0
       1
       1
       1
       3
       0
       2
       0
       1
       1
       2
       1
       2
       2
       3
       2
       3
       3
       1
       1
       1
       2
       2
       0
       1
       1
       3
       3
       3
       1
       0
       3
       1
       0
       0
       0
       0
       0
       3
       2
       0
       1
       4
       1
       5
       0
       0
       1
       3
       3
       1
       3
       0
       1
       2
       1
       2
       2
       0
       0
       0
       0
       0
       0
       0
       0
       0
       0
       0
       0
       0
       0
       0
       0
       0
       0
       0
       0
       0
       0
       0
       0
       0
       0
       0
       0
       0
       0
       0
       0
       0
       0
       0
       0
       0
       0
       0
       0
       0
       0
       0
       0
       0
       0
       0
       0
       0
       0
       0
       0
$ROI:
1
3 1022
$PRESETS:
Live Time
240
0
$ENER_FIT:
-7.505623 1.460325
$MCA_CAL:
3
-7.505623E+000 1.460325E+000 0.000000E+000 keV
$SHAPE_CAL:
3
1.866601E+000 6.279851E-002 0.000000E+000
