$SPEC_ID:
No sample description was entered.
$SPEC_REM:
DET# 18
DETDESC# WD011-04 Easy-MCA-8k SN 13260152
AP# Maestro Version 7.01
$DATE_MEA:
04/21/2017 16:20:24
$MEAS_TIM:
240 240
$DATA:
0 1023
       0
       0
       0
       0
       0
       0
       0
       0
       0
       5
       4
       7
       6
      12
       4
       7
       5
       1
       3
       6
       4
       7
       8
       6
       5
      11
       6
      14
      10
       7
       9
       5
       4
       3
       7
       5
       7
       3
       5
      11
       7
       9
      16
       8
       8
      10
      15
      16
      11
      14
       9
      13
       9
       6
       9
      11
      14
       6
       6
       8
       9
       7
      10
      10
       8
       6
      10
      16
      13
      11
      15
       8
      10
       7
      11
      15
      11
      12
      17
      13
      19
      13
      13
      15
      17
      15
      19
      30
      31
      33
      48
      30
      41
      22
      28
      24
      38
      30
      27
      24
      24
      20
      30
      27
      33
      20
      37
      46
      46
      38
      46
      45
      47
      43
      47
      44
      51
      40
      46
      41
      40
      37
      39
      42
      24
      31
      40
      27
      28
      25
      31
      45
      31
      26
      52
      30
      40
      32
      26
      36
      29
      38
      39
      32
      27
      21
      37
      35
      34
      20
      35
      40
      28
      29
      33
      37
      33
      35
      33
      29
      28
      46
      30
      32
      23
      32
      34
      27
      24
      36
      39
      37
      37
      30
      25
      41
      40
      36
      35
      24
      32
      30
      30
      42
      45
      40
      41
      33
      37
      26
      31
      34
      31
      43
      35
      31
      29
      30
      29
      32
      42
      43
      43
      41
      31
      39
      43
      46
      37
      24
      39
      34
      48
      34
      44
      41
      36
      31
      26
      32
      37
      32
      28
      33
      33
      26
      39
      36
      44
      26
      35
      41
      28
      40
      29
      46
      41
      31
      36
      34
      38
      35
      30
      33
      35
      39
      36
      34
      40
      34
      41
      31
      47
      44
      46
      37
      48
      37
      48
      37
      34
      32
      36
      42
      32
      45
      39
      37
      44
      36
      34
      31
      35
      33
      35
      43
      29
      28
      28
      37
      41
      26
      21
      23
      29
      28
      20
      27
      27
      16
      22
      17
      26
      23
      25
      17
      20
      24
      26
      16
      14
      25
      23
      18
      17
      20
      20
      18
      18
      22
      19
      28
      12
      16
      13
      19
      16
      15
      18
      12
      17
      17
      18
      10
      15
      16
      21
      14
      13
      12
       9
      10
      13
      14
      13
      12
      13
      17
      15
      11
      10
      12
      12
      12
      10
      17
      12
      11
      15
      17
      17
      14
      16
       8
       8
       4
      11
      14
      12
      10
      11
      10
      10
      15
      15
      12
       7
      15
      10
      10
       7
       8
      11
       8
      12
       8
      13
      18
       6
       8
      11
      10
       8
       4
       8
       8
       5
       7
       7
       8
      10
       9
       8
       8
      14
       8
       8
       8
      11
      10
       6
       5
       9
      10
       7
      13
      10
       6
       7
       4
       5
      12
      10
       6
      14
       4
       6
      12
      10
       7
       4
       8
       7
      16
      10
       4
       8
      10
      10
       7
      14
       9
       5
       9
       8
       7
       5
      12
       7
       7
       4
       6
       4
       3
       6
      11
       3
       3
       5
       2
       4
      11
       5
       3
       9
       7
      11
       8
       7
      10
       7
       4
       2
       4
       4
       7
       5
       5
       8
      10
       8
       3
       8
       2
       4
       7
       6
       8
       2
       2
       7
       8
       2
       2
       6
       3
       9
      10
       9
       4
       7
       3
       4
       4
       6
       7
       5
       4
       2
       3
       7
       5
       3
       7
       5
       2
       3
       3
       4
       2
       5
       3
       7
       3
      10
       4
       5
       1
       1
       5
       3
       8
       5
       9
       4
       6
       9
       4
       3
       5
       2
       3
       3
       4
       5
       1
       8
       3
       5
       4
       8
       6
       6
       3
       7
       3
       3
       3
       2
       7
       7
       3
       7
       2
       2
       6
       3
       4
       3
       6
       5
       5
       6
       5
       5
       6
       6
       0
       3
       5
       7
       5
       2
       6
       1
       6
       6
       7
       2
       2
       1
       3
       8
       3
       2
       3
       4
       2
       3
       2
       7
       2
       1
       5
       4
       3
       3
       1
       6
       2
       2
       1
       7
       4
       8
       0
       4
       4
       8
       1
       7
       3
       5
       3
       7
       3
       3
       3
       4
       4
       3
       9
       2
       5
       0
       6
       8
       4
       4
       3
       1
       0
       6
       1
       2
       7
       5
       5
       5
       2
       1
       0
       6
       3
       6
       3
       5
       4
       2
       4
       4
       6
       5
       8
       5
       4
       1
       2
       3
       9
       2
       5
       2
       7
       0
       3
       0
       1
       6
       5
       3
       3
       2
       3
       2
       6
       1
       1
       2
       5
       5
       3
       6
       3
       3
       2
       2
       6
       4
       4
       6
       3
       3
       2
       4
       3
       2
       6
       4
       2
       5
       2
       3
       2
       4
       4
       1
       3
       3
       3
       3
       0
       1
       4
       2
       4
       6
       3
       4
       5
       1
       2
       4
       2
       3
       3
       1
       6
       2
       5
       3
      11
       3
       2
       0
       3
       0
       2
       5
       2
       2
       4
       3
       3
       6
       2
       2
       3
       1
       2
       2
       3
       3
       3
       5
       3
       1
       3
       3
       3
       0
       4
       3
       2
       5
       2
       1
       3
       3
       2
       8
       4
       1
       2
       7
       1
       1
       3
       0
       4
       6
       3
       3
       2
       3
       7
       2
       5
       1
       2
       1
       1
       3
       3
       5
       0
       3
       4
       8
       5
       3
       3
       2
       1
       2
       4
       1
       4
       3
       1
       1
       4
       0
       4
       4
       3
       4
       4
       1
       3
       3
       2
       1
       3
       5
       2
       5
       2
       2
       2
       1
       1
       2
       3
       5
       2
       1
       2
       4
       1
       1
       0
       6
       5
       3
       2
       0
       4
       1
       3
       1
       1
       1
       0
       1
       1
       0
       4
       3
       0
       1
       0
       6
       3
       1
       1
       1
       0
       1
       1
       0
       1
       3
       2
       4
       1
       2
       3
       3
       2
       0
       2
       3
       1
       1
       0
       4
       1
       2
       4
       0
       2
       0
       2
       3
       3
       4
       2
       0
       1
       3
       1
       3
       2
       2
       2
       3
       1
       1
       1
       2
       1
       3
       1
       3
       1
       2
       1
       0
       2
       0
       0
       1
       1
       3
       2
       1
       4
       2
       3
       0
       1
       1
       0
       0
       0
       3
       0
       1
       1
       1
       3
       2
       4
       0
       1
       2
       6
       1
       3
       0
       3
       1
       2
       4
       2
       1
       1
       0
       0
       1
       1
       0
       1
       0
       3
       0
       0
       2
       3
       3
       3
       0
       0
       0
       0
       0
       0
       0
       0
       0
       0
       0
       0
       0
       0
       0
       0
       0
       0
       0
       0
       0
       0
       0
       0
       0
       0
       0
       0
       0
       0
       0
       0
       0
       0
       0
       0
       0
       0
       0
       0
       0
       0
       0
       0
       0
       0
       0
       0
       0
       0
       0
       0
$ROI:
1
3 1022
$PRESETS:
Live Time
240
0
$ENER_FIT:
-7.505623 1.460325
$MCA_CAL:
3
-7.505623E+000 1.460325E+000 0.000000E+000 keV
$SHAPE_CAL:
3
1.866601E+000 6.279851E-002 0.000000E+000
