$SPEC_ID:
No sample description was entered.
$SPEC_REM:
DET# 18
DETDESC# WD011-04 Easy-MCA-8k SN 13260152
AP# Maestro Version 7.01
$DATE_MEA:
04/21/2017 16:44:36
$MEAS_TIM:
240 240
$DATA:
0 1023
       0
       0
       0
       0
       0
       0
       0
       0
       0
       6
       4
       6
       4
       4
       4
      10
       8
       5
       9
       5
       6
       1
       8
       8
       4
       7
       6
       7
       6
      14
       6
       9
       8
       7
       6
       3
       8
       9
       8
      12
      10
      16
      12
      16
       4
      12
      17
      13
      17
      16
      12
      14
       6
      11
       6
      11
      17
      15
       2
       8
      10
       8
      14
      11
      18
      13
      15
      17
       9
       8
      11
       7
       9
      11
      10
      14
      13
      11
      12
       9
      21
      20
      13
      16
      17
      22
      19
      29
      29
      30
      43
      30
      38
      43
      45
      31
      32
      22
      22
      38
      26
      21
      33
      30
      37
      32
      43
      46
      37
      36
      37
      47
      53
      46
      46
      49
      39
      53
      47
      44
      32
      39
      41
      32
      41
      35
      37
      33
      28
      31
      41
      38
      32
      33
      32
      37
      48
      28
      34
      26
      36
      37
      29
      30
      39
      33
      32
      31
      32
      29
      33
      32
      38
      44
      20
      44
      33
      44
      31
      43
      30
      33
      39
      39
      29
      39
      34
      42
      36
      32
      47
      31
      27
      33
      42
      36
      42
      37
      29
      28
      28
      32
      38
      29
      36
      39
      38
      35
      44
      32
      41
      34
      38
      29
      34
      33
      32
      40
      25
      37
      42
      24
      31
      43
      40
      37
      34
      31
      32
      26
      43
      28
      47
      28
      23
      38
      34
      37
      33
      31
      32
      30
      40
      21
      46
      30
      33
      42
      31
      35
      29
      32
      46
      31
      32
      30
      36
      37
      46
      34
      40
      32
      27
      41
      33
      31
      43
      41
      43
      38
      33
      27
      39
      44
      30
      30
      38
      44
      50
      46
      37
      47
      30
      49
      36
      43
      33
      40
      44
      42
      32
      30
      36
      34
      40
      31
      27
      42
      22
      26
      33
      28
      24
      27
      23
      32
      26
      26
      20
      28
      16
      20
      24
      23
      26
      18
      20
      20
      24
      15
      20
      14
      22
      16
      13
      18
      28
      16
      12
      28
      22
      19
      10
      16
      17
      19
      11
      10
      13
      17
      12
      11
      19
      15
       6
      10
      13
      16
      17
      14
      13
      19
      24
       9
      13
      15
      15
       9
      17
      19
      16
      19
       7
      10
      16
       8
       8
      14
       9
      11
      10
      11
      20
      10
       9
       8
      13
      11
       9
      11
       7
       9
       8
      17
       4
      12
       4
      13
       7
      11
       5
      14
      12
      14
       7
       8
      11
      10
       8
       8
       3
      10
      13
      12
       9
      12
      13
       9
       7
       5
       7
       3
      14
       9
       2
      10
       8
       8
       9
       3
       8
       9
       7
      13
      14
      10
       6
      13
       9
       5
      11
       4
       7
      16
      10
       9
      13
       4
      11
       7
       5
      10
       7
      11
       6
      10
       9
       5
       1
       5
       7
       4
       4
      12
      10
      10
       9
       2
       6
       5
       3
       7
       5
       4
       8
       5
       7
       8
      10
       6
       6
       7
       8
       2
      10
       7
       6
       6
       3
       4
       4
       3
       8
       3
       6
       5
       7
       4
       6
       2
       6
       3
       7
       7
       7
       9
       8
       4
       8
       6
       3
       4
       9
      11
       8
       6
       5
       9
       9
       6
       7
       5
      10
       5
       3
       4
       7
       6
       7
       5
       3
       5
       4
       5
       4
       4
       0
       7
       8
       3
       5
       7
       4
       9
       4
       3
       3
       5
       5
       1
       3
       3
       7
      10
       4
       5
       3
       6
       5
       3
       5
       6
       9
       3
       5
       5
       2
       5
       6
       4
       6
       8
       5
       3
       3
       9
       5
       6
       4
      10
       6
       6
       1
       6
       5
       5
       4
       4
       2
       6
       5
       5
       7
       2
       6
       3
       5
       8
       5
       4
       1
       4
       2
       5
       3
       4
       3
       5
       0
       7
       5
       3
       4
       2
       5
       4
       4
       5
       4
       3
       1
       4
       4
       3
       5
       4
       3
       5
       5
       2
       2
       3
       5
       5
       4
       2
       6
       3
       4
       6
       7
       4
       6
       2
       3
       4
       3
       3
       3
       4
       4
       7
       6
       6
       8
       2
       3
       6
       1
       8
       4
       4
       4
       3
       2
       1
       1
       2
       5
       7
       1
       3
       6
       4
       4
       6
       1
       3
       6
       3
       1
       3
       2
       2
       4
       1
       1
       7
       2
       5
       8
       3
       4
       1
       5
       6
       4
       5
       3
       4
       5
       4
       4
       6
       2
       1
       1
       5
       6
       3
       4
       2
       0
       1
       2
       2
       4
       3
       1
       3
       5
       7
       5
       0
       1
       2
       2
       0
       4
       3
       2
       4
       5
       3
       4
       7
       2
       3
       4
       1
       2
       2
       1
       4
       3
       1
       2
       1
       3
       4
       2
       2
       2
       3
       3
       5
       4
       4
       1
       7
       5
       3
       2
       2
       1
       3
       4
       1
       5
       1
       1
       1
       1
       5
       2
       2
       1
       4
       4
       3
       2
       2
       2
       2
       2
       1
       1
       6
       4
       3
       0
       5
       5
       3
       3
       2
       4
       5
       1
       3
       5
       0
       3
       2
       1
       3
       2
       7
       0
       1
       2
       2
       4
       3
       3
       3
       1
       5
       5
       1
       2
       2
       2
       1
       1
       5
       2
       5
       2
       1
       1
       2
       3
       3
       4
       0
       3
       4
       3
       3
       2
       4
       3
       1
       2
       4
       2
       0
       1
       1
       3
       2
       2
       3
       3
       1
       2
       1
       2
       2
       3
       2
       1
       2
       0
       2
       1
       4
       2
       3
       4
       1
       3
       0
       4
       0
       2
       2
       1
       1
       1
       2
       4
       3
       2
       0
       1
       1
       2
       2
       3
       1
       1
       2
       3
       0
       2
       3
       2
       1
       2
       1
       1
       2
       5
       5
       3
       1
       1
       2
       1
       1
       3
       2
       1
       1
       3
       2
       3
       0
       2
       0
       1
       1
       2
       1
       1
       4
       3
       1
       1
       1
       1
       4
       4
       2
       3
       3
       2
       0
       1
       0
       4
       1
       3
       3
       2
       2
       1
       1
       1
       0
       2
       1
       0
       1
       0
       0
       4
       5
       0
       2
       4
       2
       0
       1
       1
       2
       2
       0
       1
       4
       2
       2
       1
       0
       2
       1
       3
       5
       0
       2
       2
       2
       2
       1
       1
       2
       1
       2
       1
       2
       1
       1
       2
       1
       0
       1
       1
       1
       2
       1
       0
       0
       0
       0
       0
       0
       0
       0
       0
       0
       0
       0
       0
       0
       0
       0
       0
       0
       0
       0
       0
       0
       0
       0
       0
       0
       0
       0
       0
       0
       0
       0
       0
       0
       0
       0
       0
       0
       0
       0
       0
       0
       0
       0
       0
       0
       0
       0
       0
       0
       0
       0
$ROI:
1
3 1022
$PRESETS:
Live Time
240
0
$ENER_FIT:
-7.505623 1.460325
$MCA_CAL:
3
-7.505623E+000 1.460325E+000 0.000000E+000 keV
$SHAPE_CAL:
3
1.866601E+000 6.279851E-002 0.000000E+000
