$SPEC_ID:
No sample description was entered.
$SPEC_REM:
DET# 18
DETDESC# WD011-04 Easy-MCA-8k SN 13260152
AP# Maestro Version 7.01
$DATE_MEA:
04/21/2017 15:39:17
$MEAS_TIM:
240 240
$DATA:
0 1023
       0
       0
       0
       0
       0
       0
       0
       0
       0
       5
      10
       7
       8
       5
       3
       8
       4
      11
      11
       8
       4
       8
       2
       6
       6
       3
       5
       4
       9
       6
      11
       9
       7
       5
       5
       5
       5
       8
       7
       7
      12
      12
      11
      10
      14
      20
      16
      24
      10
      16
       9
      10
       7
       7
       5
      11
      10
      12
       9
       4
      13
       8
      11
       8
      11
      12
      13
       7
       7
      10
       6
      10
      12
       7
       9
      14
      11
       9
      13
      14
      16
      10
      12
       7
      18
      23
      22
      18
      37
      32
      37
      42
      48
      42
      32
      39
      22
      25
      26
      24
      20
      22
      37
      31
      18
      29
      35
      29
      42
      43
      38
      41
      39
      38
      35
      39
      40
      39
      37
      30
      27
      26
      40
      26
      37
      29
      43
      39
      43
      33
      36
      35
      40
      28
      32
      35
      34
      26
      29
      34
      30
      20
      31
      32
      29
      29
      34
      25
      33
      36
      24
      39
      34
      35
      31
      33
      34
      30
      32
      30
      41
      31
      47
      31
      29
      25
      37
      35
      30
      21
      41
      38
      30
      36
      28
      27
      33
      30
      28
      31
      35
      22
      36
      34
      24
      26
      35
      20
      30
      36
      30
      33
      34
      30
      31
      26
      37
      37
      31
      23
      41
      33
      35
      31
      32
      38
      26
      25
      46
      37
      27
      38
      29
      27
      37
      22
      35
      31
      33
      26
      30
      32
      34
      33
      34
      48
      38
      38
      46
      30
      34
      32
      36
      30
      38
      28
      34
      48
      35
      40
      34
      34
      38
      27
      40
      30
      33
      32
      38
      29
      45
      37
      40
      36
      27
      36
      49
      40
      31
      30
      31
      35
      37
      33
      38
      43
      29
      31
      31
      40
      36
      33
      36
      28
      28
      25
      23
      41
      32
      27
      33
      21
      23
      28
      22
      16
      28
      17
      19
      19
      22
      22
      25
      18
      12
      18
      13
      21
      12
      20
      21
      19
      14
      11
      21
      14
      17
      17
      15
      12
       9
      14
      16
      13
      12
      16
      12
      18
      19
       8
      13
      10
      14
       8
      16
      15
      14
      14
       9
      14
      12
       7
      14
      12
       9
      19
       8
      19
       8
      10
      11
      11
      16
      12
      10
      13
      11
      13
      11
      14
      12
       6
       9
      10
      15
       6
       7
      14
      10
      18
       9
       8
       8
       8
      10
       9
      15
      11
      14
       8
      14
       6
       5
       2
       4
       5
       7
      10
      13
       6
      16
      10
       4
       7
       6
       8
       7
       4
       7
       8
       9
       5
       9
       7
       9
       9
       8
       6
       3
      12
       9
       6
       9
       7
       6
       2
       9
       6
      11
       9
       5
       6
       8
      14
       7
       7
       4
       6
       5
       7
      11
       8
      10
      10
       6
       6
       4
       3
       9
      10
       9
       7
       6
       5
       8
       4
       4
       2
       4
       6
       6
       3
       5
       6
       5
      10
      11
       4
       5
       2
       3
       5
       4
       3
       9
       6
       5
       6
       8
       8
       6
       3
       8
       6
       3
       3
      12
       2
       7
       6
       8
       3
       7
       4
       6
       5
       2
       2
       9
       6
       3
      15
       6
       4
       6
       6
       3
       5
       8
       7
       6
       5
       5
       7
       5
       4
       6
       5
       5
       2
       2
       8
       2
       5
       2
       6
       2
       3
       7
       2
       5
       8
       4
       3
       3
       3
       3
       2
       3
       8
       4
       1
       6
       2
       3
       8
       8
       5
       4
       7
       2
       2
       4
       4
       2
       5
       3
       4
       5
       4
       7
       6
       3
       4
       3
       2
       6
       2
       6
       6
       1
       6
       3
       5
       3
       3
       2
       1
       5
       2
       5
       4
       8
       1
       1
       6
       5
       2
       3
       2
       4
       2
       4
       0
       3
       3
       2
       5
       4
       1
       4
       2
       4
       2
       5
       3
       5
       4
       2
       1
       6
       4
       6
       1
       1
       3
       1
       2
       1
       3
       7
       2
       7
       3
       4
       3
       2
       3
       3
       0
       3
       2
       5
       2
       3
       3
       1
       5
      10
       3
       4
       8
       5
       2
       3
       5
       5
       2
       5
       2
       1
       6
       3
       2
       4
       4
       3
       4
       1
       2
       2
       2
       5
       4
       1
       4
       3
       5
       3
       1
       5
       1
       1
       4
       5
       2
       0
       1
       2
       4
       2
       4
       0
       5
       2
       3
       3
       4
       5
       3
       5
       2
       2
       6
       6
       2
       1
       2
       2
       3
       5
       3
       3
       3
       4
       1
       3
       5
       6
       2
       6
       1
       1
       2
       4
       5
       1
       2
       0
       2
       2
       2
       4
       8
       3
       2
       4
       2
       3
       2
       2
       2
       2
       5
       2
       2
       6
       4
       1
       2
       1
       2
       1
       3
       1
       2
       3
       3
       1
       1
       2
       2
       1
       6
       0
       2
       1
       2
       4
       3
       0
       5
       1
       2
       1
       0
       4
       1
       1
       3
       2
       3
       0
       3
       2
       6
       1
       1
       2
       4
       4
       2
       1
       2
       2
       2
       1
       4
       2
       4
       0
       9
       3
       3
       4
       0
       3
       2
       3
       4
       2
       1
       5
       2
       2
       2
       0
       2
       2
       2
       3
       4
       1
       1
       8
       0
       1
       4
       1
       3
       2
       4
       2
       1
       5
       6
       3
       0
       2
       2
       3
       3
       3
       1
       5
       0
       6
       3
       3
       4
       3
       1
       4
       4
       2
       2
       0
       1
       1
       4
       3
       1
       2
       2
       1
       4
       1
       0
       1
       3
       3
       5
       1
       5
       3
       3
       2
       6
       0
       2
       2
       0
       1
       1
       4
       3
       2
       5
       5
       1
       8
       5
       1
       2
       2
       0
       1
       1
       1
       1
       3
       4
       3
       1
       2
       1
       5
       0
       3
       2
       4
       0
       3
       2
       5
       1
       3
       0
       3
       2
       1
       3
       2
       1
       2
       2
       1
       1
       3
       1
       2
       2
       3
       4
       2
       0
       2
       0
       3
       1
       2
       3
       3
       0
       1
       0
       4
       1
       3
       4
       1
       0
       2
       2
       1
       2
       3
       2
       1
       1
       6
       1
       1
       1
       0
       1
       4
       0
       2
       0
       1
       1
       1
       0
       3
       4
       2
       1
       2
       4
       1
       2
       3
       0
       3
       2
       3
       1
       0
       0
       0
       1
       2
       2
       0
       0
       4
       4
       2
       1
       1
       0
       0
       0
       0
       0
       0
       0
       0
       0
       0
       0
       0
       0
       0
       0
       0
       0
       0
       0
       0
       0
       0
       0
       0
       0
       0
       0
       0
       0
       0
       0
       0
       0
       0
       0
       0
       0
       0
       0
       0
       0
       0
       0
       0
       0
       0
       0
       0
       0
       0
       0
       0
       0
$ROI:
1
3 1022
$PRESETS:
Live Time
240
0
$ENER_FIT:
-7.505623 1.460325
$MCA_CAL:
3
-7.505623E+000 1.460325E+000 0.000000E+000 keV
$SHAPE_CAL:
3
1.866601E+000 6.279851E-002 0.000000E+000
