$SPEC_ID:
No sample description was entered.
$SPEC_REM:
DET# 18
DETDESC# WD011-04 Easy-MCA-8k SN 13260152
AP# Maestro Version 7.01
$DATE_MEA:
04/21/2017 17:26:17
$MEAS_TIM:
240 240
$DATA:
0 1023
       0
       0
       0
       0
       0
       0
       0
       0
       2
      55
      42
      37
      39
      60
      45
      26
      21
      25
      22
      10
      14
       8
       6
       5
      10
       7
       5
      12
      10
       7
       4
       5
       8
       7
      10
       6
       5
      12
      10
      12
       6
      10
      11
      17
      15
      17
      12
      15
       9
      12
      12
      14
       4
      11
      13
       6
       7
      11
       9
       6
       8
      12
       7
      11
      11
      18
      18
      14
       8
      10
      15
      15
      14
      15
       7
      10
      13
      11
      10
      18
      21
      13
      11
      17
      18
      17
      21
      31
      29
      38
      45
      38
      29
      36
      40
      51
      42
      35
      28
      29
      32
      21
      29
      25
      35
      46
      37
      48
      40
      48
      49
      40
      46
      52
      39
      43
      43
      36
      57
      42
      42
      24
      26
      27
      36
      31
      30
      42
      29
      47
      38
      43
      46
      38
      33
      31
      46
      40
      45
      38
      31
      37
      27
      34
      28
      29
      41
      30
      30
      40
      26
      28
      34
      33
      29
      23
      31
      34
      37
      36
      26
      47
      24
      24
      32
      30
      45
      51
      44
      32
      33
      37
      30
      32
      41
      27
      40
      42
      34
      35
      35
      43
      32
      30
      37
      42
      42
      38
      44
      37
      32
      38
      42
      36
      26
      34
      36
      35
      34
      34
      44
      31
      34
      32
      39
      37
      41
      26
      47
      36
      38
      40
      31
      43
      27
      40
      39
      32
      36
      29
      38
      25
      41
      36
      48
      39
      39
      29
      42
      38
      30
      31
      36
      46
      28
      29
      41
      38
      33
      47
      39
      30
      38
      33
      38
      41
      41
      46
      44
      33
      42
      38
      43
      34
      44
      36
      42
      37
      46
      27
      47
      33
      46
      43
      50
      53
      49
      44
      35
      36
      35
      33
      40
      21
      27
      33
      37
      36
      36
      32
      15
      32
      30
      23
      28
      25
      25
      24
      22
      14
      33
      15
      22
      28
      24
      25
      27
      19
      18
      18
      19
      22
      24
      20
      16
      21
      17
      15
      17
      15
      16
      16
      16
      19
      21
      21
       7
      10
      16
      11
      13
      20
      18
      15
      17
      12
      12
      13
      21
      14
      13
      14
      19
      14
      10
      20
      16
      20
      15
       6
      13
      15
      16
      12
      11
       6
      17
      11
      13
      13
       8
      14
      14
      13
      14
      11
      13
       7
      17
      13
      11
      11
      11
       7
       3
       8
      17
      13
       9
      10
       9
       7
      12
       8
       7
      13
      11
       8
       8
      14
      15
      10
      13
       9
       5
       7
       6
       9
       8
      11
       6
       9
       7
      10
      12
       8
      10
       7
       9
      13
       7
       5
       8
      10
       9
       8
      11
       9
       5
       6
       2
       7
       8
      11
       6
      12
       4
       6
       7
       4
      12
       4
       9
       6
      11
       9
      14
       8
       1
       8
       5
       4
      13
       9
       9
       2
       4
      12
      12
       2
      12
       2
       7
      10
       4
       3
       2
       6
       6
       9
       7
       4
       5
       7
       6
       7
       7
       7
       8
       8
       8
       7
      11
       5
      10
       4
       5
      11
       5
       5
       7
       7
       4
       7
       6
       4
       6
       6
       6
       6
      11
       3
       5
       2
       7
       9
       8
       5
       5
       4
       6
       6
       4
       6
       3
       7
       7
       3
       4
       9
       3
      10
       2
       8
       5
       5
      10
       7
       3
       3
      10
       3
       6
       4
       7
       3
       2
       2
       3
       4
       9
       8
       5
       4
      10
       1
       5
       5
       8
       3
       3
       4
       3
       3
       4
       6
       2
       3
       2
       6
       7
       7
       4
       4
       8
       7
       3
       2
       3
       5
       5
       4
       3
       4
       8
       6
       4
       3
       6
       4
       3
       2
       3
       3
      10
       2
       5
       5
       6
       1
       8
       4
       5
       4
       6
       1
       4
       7
       3
       3
       0
       5
       4
       1
       4
       3
       4
       5
       4
       4
       3
       4
       1
       3
       6
      10
       5
       9
       3
       1
       7
       2
       6
       2
       6
       5
       3
       1
       5
       6
       4
       8
       3
       3
       6
       4
       2
       4
       2
       2
       3
       5
       5
       7
       4
       4
       2
       2
       3
       4
       1
       3
       1
       0
       7
       5
       2
       0
       2
       6
       5
       5
       3
       2
       2
       4
       3
       4
       3
       3
       5
       1
       2
       4
       2
       1
       4
       5
       4
       3
       1
       5
       3
       2
       2
       5
       2
       3
       2
       2
       4
       1
       4
       0
       2
       6
       6
       2
       3
       3
       8
       3
       5
       6
       0
       6
       2
       5
       5
       3
       2
       6
       3
       3
       4
       4
       9
       4
       6
       5
       4
       6
       2
       7
       1
       3
       4
       4
       0
       4
       7
       5
       3
       4
       3
       3
       5
       3
       2
       3
       2
       4
       1
       2
       1
       3
       2
       6
       7
       5
       3
       4
       6
       3
       2
       3
       4
       5
       7
       1
       1
       2
       5
       4
       7
       1
       4
       4
       5
       3
       1
       1
       2
       3
       3
       2
       2
       1
       2
       2
       2
       4
       7
       3
       4
       1
       2
       3
       2
       4
       3
       4
       4
       2
       1
       1
       4
       3
       3
       5
       2
       2
       5
       3
       1
       0
       2
       4
       6
       2
       0
       3
       0
       1
       2
       2
       1
       3
       3
       2
       1
       1
       3
       0
       1
       5
       1
       3
       4
       1
       2
       5
       2
       2
       3
       1
       4
       2
       4
       4
       4
       2
       6
       2
       2
       3
       2
       3
       4
       2
       3
       2
       2
       2
       7
       1
       2
       1
       2
       1
       2
       4
       4
       1
       3
       3
       3
       2
       0
       3
       0
       0
       2
       1
       3
       5
       0
       1
       1
       3
       2
       1
       2
       2
       0
       4
       2
       4
       1
       0
       2
       2
       4
       1
       1
       0
       1
       3
       1
       2
       2
       0
       1
       0
       2
       2
       2
       1
       1
       2
       0
       7
       0
       2
       1
       3
       1
       1
       0
       1
       3
       1
       1
       0
       1
       3
       0
       1
       2
       1
       5
       3
       3
       3
       1
       3
       2
       1
       0
       2
       2
       2
       1
       4
       2
       1
       0
       3
       0
       2
       2
       4
       1
       1
       1
       1
       2
       0
       1
       0
       2
       1
       2
       2
       2
       4
       1
       1
       3
       1
       3
       2
       0
       2
       0
       1
       2
       1
       5
       1
       1
       0
       3
       1
       3
       3
       2
       0
       3
       3
       2
       2
       1
       0
       0
       0
       0
       0
       0
       0
       0
       0
       0
       0
       0
       0
       0
       0
       0
       0
       0
       0
       0
       0
       0
       0
       0
       0
       0
       0
       0
       0
       0
       0
       0
       0
       0
       0
       0
       0
       0
       0
       0
       0
       0
       0
       0
       0
       0
       0
       0
       0
       0
       0
$ROI:
1
3 1022
$PRESETS:
Live Time
240
0
$ENER_FIT:
-7.505623 1.460325
$MCA_CAL:
3
-7.505623E+000 1.460325E+000 0.000000E+000 keV
$SHAPE_CAL:
3
1.866601E+000 6.279851E-002 0.000000E+000
