$SPEC_ID:
No sample description was entered.
$SPEC_REM:
DET# 18
DETDESC# WD011-04 Easy-MCA-8k SN 13260152
AP# Maestro Version 7.01
$DATE_MEA:
04/21/2017 16:26:20
$MEAS_TIM:
240 240
$DATA:
0 1023
       0
       0
       0
       0
       0
       0
       0
       0
       5
      29
      22
      25
      14
      22
       8
      11
       8
      12
      12
       8
      11
       8
       7
       9
       3
       9
       9
       7
       8
       5
       7
       4
      14
       3
      11
      12
       5
       6
       7
       9
       6
      11
      13
      14
      15
      12
      13
      11
       9
       7
       4
       9
       2
      10
       8
      10
       5
      11
       5
       7
      10
       6
      14
       7
      10
      13
       9
      17
      16
      14
      10
       7
      14
      15
       7
      13
      13
       6
      10
      14
      11
      14
      16
      13
      17
      25
      25
      21
      25
      28
      43
      31
      36
      35
      43
      34
      39
      24
      31
      24
      20
      29
      24
      24
      37
      27
      23
      40
      36
      56
      52
      47
      37
      47
      59
      52
      44
      41
      35
      36
      34
      35
      37
      43
      36
      29
      45
      44
      40
      38
      46
      37
      39
      37
      39
      36
      36
      36
      24
      40
      25
      39
      36
      40
      25
      44
      43
      38
      38
      38
      28
      34
      41
      24
      38
      28
      31
      44
      31
      28
      42
      42
      42
      37
      25
      28
      33
      30
      36
      30
      37
      23
      32
      39
      47
      29
      46
      31
      33
      37
      32
      35
      31
      35
      32
      32
      32
      34
      40
      28
      42
      32
      38
      42
      35
      40
      34
      36
      31
      40
      33
      35
      34
      46
      32
      27
      39
      33
      41
      40
      32
      31
      31
      28
      31
      33
      38
      29
      46
      32
      41
      34
      22
      36
      36
      34
      34
      33
      40
      37
      58
      48
      43
      41
      36
      37
      39
      38
      24
      29
      35
      45
      48
      35
      33
      36
      28
      33
      33
      34
      35
      35
      34
      35
      35
      38
      55
      33
      39
      43
      43
      39
      38
      48
      43
      35
      38
      40
      38
      35
      28
      33
      29
      33
      39
      22
      31
      34
      27
      42
      26
      31
      31
      36
      33
      28
      20
      22
      19
      22
      28
      23
      21
      22
      18
      15
      14
      20
      20
      15
      20
      10
      16
      10
      19
      20
      22
      17
      28
      18
      21
      17
      13
      18
      13
      18
      21
      17
       7
      14
      20
      19
      15
      15
      15
      19
      18
      16
      16
      14
      17
      17
      16
      13
      14
      13
      17
       6
      11
       9
      11
      15
      11
      16
       8
      10
      16
      11
      10
      15
       8
      13
      13
      12
       7
      11
      21
      17
       9
      10
       4
      13
       8
       9
      13
       6
       9
      16
       4
      12
       4
      16
       7
       7
      18
      14
      10
      13
       9
       7
       6
       9
       8
      11
       7
      14
       8
      15
       8
      11
      14
      13
      12
       9
       9
       8
       9
      10
       7
      12
       8
       6
       9
       7
       7
       7
       7
       5
       7
       9
       8
       9
       8
       9
       8
       7
       5
      10
       9
       6
       7
       7
      10
       5
       7
       5
       7
      14
       7
       9
       7
       6
       9
       6
       7
       5
       3
       8
       2
       6
       7
      11
       7
       3
       8
       5
       1
       7
       7
       5
       6
       5
       6
      11
      14
      10
       9
       7
       9
       8
       6
       8
       8
       9
       4
      11
       6
       9
       7
       7
       6
       5
       2
       8
       1
       5
       3
       2
       9
       4
       7
       5
       4
       6
       4
       6
       7
       3
       4
      10
       7
      12
       4
       4
       3
       5
       6
       7
       8
       8
       4
      11
       6
       3
      10
       4
       2
       7
       5
       2
       2
       6
       4
       3
       2
       3
       4
       3
       2
       5
       9
       3
       2
       5
       4
       2
       5
       6
       6
       2
       1
       7
       3
       7
       1
       3
       6
       8
       3
       3
       2
       5
       5
       4
       2
       4
       6
       5
       6
       3
       9
       4
       4
       5
       4
       4
       6
       5
       6
       7
       9
       3
       3
       1
       2
       6
       8
       7
       1
       2
       6
       7
       4
       5
       2
       5
       5
       6
       1
       5
       5
       3
       5
      10
       8
       6
       2
       2
       8
       1
       4
       5
       3
       2
       5
       9
       5
       3
       3
       2
       1
       4
       2
       5
       6
       3
       0
       2
       1
       2
       0
       3
       5
       5
       5
       3
       8
       3
       6
       2
       5
       1
       5
       4
       6
       2
       4
       3
       5
       2
       4
       5
       1
       5
       6
       4
       8
       1
       5
       5
       1
       4
       3
       3
       2
       6
       5
       3
       1
       3
       4
       3
       5
       6
       3
       2
       3
       3
       3
       6
       8
       4
       6
       7
       6
       4
       2
       2
       5
       8
       8
       3
       2
       6
       2
       4
       4
       5
       2
       5
       6
       4
       3
       1
       9
       2
       5
       4
       4
       1
       0
       6
       6
       1
       3
       9
       2
       3
       4
       5
       5
       2
       2
       5
       1
       1
       2
       4
       4
       2
       2
       6
       4
       2
       2
       5
       3
       3
       1
       1
       3
       7
       2
       2
       0
       8
       4
       7
       2
       2
       2
       3
       2
       1
       1
       3
       2
       4
       2
       4
       5
       7
       3
       0
       2
       5
       3
       3
       3
       1
       8
       1
       5
       1
       1
       4
       3
       4
       1
       4
       3
       2
       4
       3
       2
       3
       2
       6
       2
       1
       6
       4
       6
       4
       2
       2
       4
       3
       2
       2
       3
       5
       1
       2
       2
       4
       4
       4
       5
       2
       3
       0
       4
       3
       2
       6
       2
       2
       1
       0
       2
       1
       1
       4
       0
       2
       2
       3
       2
       4
       1
       2
       3
       0
       2
       2
       4
       7
       3
       2
       3
       1
       1
       0
       0
       1
       1
       3
       2
       4
       2
       5
       0
       1
       3
       3
       3
       1
       2
       2
       5
       2
       0
       6
       6
       2
       4
       2
       1
       2
       4
       2
       2
       2
       1
       2
       1
       2
       1
       1
       1
       2
       3
       1
       5
       0
       2
       3
       0
       3
       2
       0
       0
       4
       3
       1
       2
       1
       3
       1
       4
       0
       4
       2
       3
       2
       0
       1
       3
       3
       2
       0
       3
       1
       2
       0
       0
       1
       2
       2
       4
       2
       2
       4
       3
       3
       2
       2
       2
       1
       1
       4
       4
       3
       2
       0
       3
       1
       2
       1
       1
       0
       0
       0
       1
       1
       5
       1
       1
       0
       2
       5
       1
       1
       2
       2
       4
       0
       0
       3
       1
       0
       3
       2
       1
       0
       4
       1
       3
       1
       1
       2
       2
       0
       0
       0
       2
       1
       2
       0
       1
       0
       1
       4
       1
       4
       0
       3
       1
       0
       1
       0
       1
       0
       0
       0
       0
       0
       0
       0
       0
       0
       0
       0
       0
       0
       0
       0
       0
       0
       0
       0
       0
       0
       0
       0
       0
       0
       0
       0
       0
       0
       0
       0
       0
       0
       0
       0
       0
       0
       0
       0
       0
       0
       0
       0
       0
       0
       0
       0
       0
       0
       0
       0
$ROI:
1
3 1022
$PRESETS:
Live Time
240
0
$ENER_FIT:
-7.505623 1.460325
$MCA_CAL:
3
-7.505623E+000 1.460325E+000 0.000000E+000 keV
$SHAPE_CAL:
3
1.866601E+000 6.279851E-002 0.000000E+000
