$SPEC_ID:
No sample description was entered.
$SPEC_REM:
DET# 18
DETDESC# WD011-04 Easy-MCA-8k SN 13260152
AP# Maestro Version 7.01
$DATE_MEA:
04/21/2017 17:31:54
$MEAS_TIM:
240 240
$DATA:
0 1023
       0
       0
       0
       0
       0
       0
       0
       0
       0
       6
       8
       3
       6
       7
       4
       4
       2
       5
       8
       8
       2
       4
       9
       1
       5
      11
      10
       7
       9
       8
       8
       6
       9
       8
      11
       5
       4
       5
       2
       7
       8
      10
       6
      12
      15
       9
      10
      17
      15
      10
      14
       4
       7
      17
       9
       9
       8
       4
      11
      11
       6
       4
      10
      11
      11
       9
       8
      14
      18
      11
      10
      14
      13
      15
      13
       9
      12
      10
       7
      12
      16
      23
      18
      16
      21
      18
      21
      32
      32
      22
      28
      31
      34
      39
      34
      28
      33
      31
      24
      22
      30
      28
      24
      24
      39
      32
      24
      40
      37
      43
      36
      47
      43
      47
      37
      39
      34
      36
      41
      34
      41
      38
      33
      40
      27
      29
      27
      40
      41
      28
      36
      40
      34
      26
      41
      36
      32
      36
      31
      35
      43
      40
      46
      31
      34
      36
      35
      36
      30
      20
      29
      32
      27
      35
      28
      22
      25
      29
      32
      29
      39
      30
      27
      25
      46
      30
      30
      31
      32
      37
      42
      31
      32
      31
      38
      30
      36
      27
      45
      32
      31
      30
      33
      35
      38
      28
      30
      36
      35
      28
      24
      28
      26
      31
      30
      20
      40
      27
      42
      26
      26
      36
      34
      31
      43
      26
      25
      31
      30
      29
      25
      37
      28
      37
      34
      41
      30
      39
      39
      30
      21
      34
      40
      32
      25
      31
      31
      25
      31
      41
      26
      29
      43
      40
      26
      32
      41
      37
      44
      32
      45
      43
      37
      43
      33
      37
      37
      28
      55
      34
      28
      37
      41
      37
      37
      29
      35
      39
      30
      43
      38
      48
      35
      37
      45
      50
      42
      29
      42
      30
      34
      29
      25
      35
      33
      37
      27
      24
      26
      19
      18
      28
      19
      22
      29
      30
      19
      22
      22
      26
      26
      23
      15
      18
      16
      27
      22
      14
      21
      22
      23
      19
      17
      11
      13
      13
      11
      18
       8
      14
      16
      17
      16
       9
      11
      20
      20
      18
      12
      20
      18
      14
      12
      19
      15
      18
      13
      14
      13
      19
      18
      15
       8
       6
      12
       9
      14
      13
      11
      13
      10
       8
      19
       5
      13
      16
      16
      17
       6
      12
      12
       7
       7
       7
       6
      12
      17
       5
      12
      10
      13
       9
      13
       8
      10
       8
       6
      10
      12
       5
       9
       8
       8
      12
      13
       4
       9
      10
      12
       8
       9
       6
       9
      14
      14
      12
      10
      10
       9
       8
       6
       2
       8
       7
       9
      10
       3
       5
       8
       9
      16
       6
       5
       7
       5
      11
       4
       9
       6
      16
      10
      10
       5
      11
       5
       5
       4
       7
       7
       8
       5
       7
       7
       7
       4
      13
       5
       8
       6
       7
      10
       4
       1
       9
       6
      10
       3
       1
       6
       9
       4
       7
       4
       7
       5
       4
       2
      13
       7
       5
       7
       5
      10
       8
      11
       3
       5
       7
       5
       4
      11
       3
       9
       1
       4
       8
       5
       5
       4
       7
       6
       9
       8
       7
       5
       5
       7
       5
      11
       8
       7
       4
       6
       2
       5
       8
       9
       6
       1
       4
       2
       4
       4
       6
       6
       7
       3
      11
       7
       8
       5
       4
       7
       8
       6
       3
       5
       5
       3
       3
       3
       3
       8
       5
       4
       6
       4
       4
       2
       4
       3
       3
       7
       5
       3
       4
       4
       8
       8
       5
       2
       6
       2
       7
       4
       0
       4
       4
       5
       6
       3
       4
       5
       1
       3
       3
       0
       2
       3
       1
       4
       3
       6
       6
       5
       7
       4
       2
       2
       7
       4
       3
       1
       4
       4
       4
       7
       4
       0
       5
       4
       6
       8
       7
       6
       0
       5
       6
       3
       2
       3
       0
       5
       4
       3
       4
       0
       5
       7
       2
       1
       4
       4
       2
       1
       3
       4
       2
       6
       1
       1
       3
       3
       5
       5
       5
       2
       6
       1
       6
       3
       8
       4
       7
       5
       4
       5
       4
       6
       1
       6
       3
       3
       9
       4
       1
       2
       3
       3
       0
       2
       4
       4
       7
       4
       3
       3
       0
       8
       4
       2
       3
       5
       2
       5
       2
       4
       2
       4
       3
       6
       2
       3
       1
       2
       2
       4
       3
      11
       7
       1
       6
       2
       3
       3
       3
       6
       3
       3
       2
       4
       4
       3
       6
       2
       3
       5
       3
       3
       5
       6
       1
       2
       4
       1
       5
       7
       5
       5
       3
       4
       4
       3
       3
       4
       4
       5
       3
       1
       3
       5
       1
       5
       3
       3
       2
       4
       2
       2
       2
       2
       3
       3
       3
       1
       3
       5
       6
       0
       3
       2
       0
       3
       1
       3
       1
       2
       1
       2
       3
       1
       5
       3
       3
       2
       0
       2
       4
       2
       1
       3
       2
       2
       3
       3
       1
       0
       1
       3
       3
       3
       3
       4
       3
       5
       2
       5
       6
       4
       3
       2
       3
       7
       0
       2
       5
       8
       2
       2
       2
       4
       3
       2
       3
       3
       6
       3
       0
       1
       3
       0
       5
       2
       5
       3
       4
       2
       2
       2
       4
       0
       6
       6
       4
       5
       3
       4
       2
       5
       1
       2
       2
       0
       2
       3
       4
       0
       4
       3
       0
       3
       4
       4
       1
       2
       3
       4
       2
       3
       2
       7
       2
       1
       1
       1
       2
       5
       6
       3
       1
       4
       1
       2
       4
       2
       2
       2
       3
       4
       1
       0
       1
       1
       3
       4
       0
       1
       4
       1
       0
       3
       2
       3
       6
       3
       1
       1
       3
       1
       2
       4
       1
       2
       1
       3
       2
       3
       3
       1
       3
       0
       1
       1
       3
       2
       1
       2
       2
       1
       1
       2
       1
       3
       2
       1
       3
       1
       5
       1
       3
       0
       2
       3
       1
       2
       3
       1
       3
       3
       1
       3
       1
       3
       0
       2
       0
       1
       2
       1
       6
       2
       2
       4
       2
       1
       5
       4
       3
       2
       4
       0
       0
       0
       0
       5
       1
       0
       1
       1
       1
       1
       0
       2
       1
       3
       1
       1
       1
       1
       1
       0
       1
       2
       1
       1
       1
       0
       1
       1
       1
       1
       0
       2
       5
       0
       2
       1
       1
       0
       1
       4
       4
       1
       0
       0
       2
       0
       2
       2
       3
       0
       2
       0
       0
       0
       0
       0
       0
       0
       0
       0
       0
       0
       0
       0
       0
       0
       0
       0
       0
       0
       0
       0
       0
       0
       0
       0
       0
       0
       0
       0
       0
       0
       0
       0
       0
       0
       0
       0
       0
       0
       0
       0
       0
       0
       0
       0
       0
       0
       0
       0
       0
       0
       0
$ROI:
1
3 1022
$PRESETS:
Live Time
240
0
$ENER_FIT:
-7.505623 1.460325
$MCA_CAL:
3
-7.505623E+000 1.460325E+000 0.000000E+000 keV
$SHAPE_CAL:
3
1.866601E+000 6.279851E-002 0.000000E+000
