$SPEC_ID:
No sample description was entered.
$SPEC_REM:
DET# 18
DETDESC# WD011-04 Easy-MCA-8k SN 13260152
AP# Maestro Version 7.01
$DATE_MEA:
04/21/2017 16:32:07
$MEAS_TIM:
240 240
$DATA:
0 1023
       0
       0
       0
       0
       0
       0
       0
       0
       0
       3
       7
      13
       5
       5
       7
       3
      10
      11
       6
       8
       8
       6
       8
      10
       5
      10
       4
       5
       7
      12
       6
       9
       8
       2
       3
       8
       0
       4
      12
      12
       9
       8
       8
       9
      13
      12
      11
       9
      14
       9
      13
       8
      13
      10
       9
       8
       8
       7
       8
       7
      10
      19
      10
      13
      15
      17
      18
       8
      17
      10
       8
       8
       9
       7
      12
      14
      10
      12
      12
      15
      10
      19
      12
      17
      20
      20
      24
      32
      25
      34
      34
      31
      45
      34
      35
      42
      46
      39
      29
      29
      24
      29
      31
      26
      23
      29
      35
      39
      43
      45
      54
      49
      48
      39
      49
      56
      33
      31
      44
      35
      36
      21
      45
      36
      33
      32
      36
      29
      38
      39
      33
      54
      33
      36
      34
      29
      24
      42
      35
      33
      31
      45
      33
      34
      33
      25
      28
      25
      33
      35
      33
      40
      42
      32
      25
      36
      34
      28
      35
      41
      26
      38
      36
      27
      47
      36
      35
      42
      38
      35
      30
      47
      30
      38
      39
      37
      35
      31
      48
      26
      31
      37
      40
      36
      33
      33
      43
      32
      27
      35
      34
      34
      45
      35
      39
      35
      43
      31
      48
      31
      25
      37
      42
      23
      40
      39
      35
      36
      24
      35
      37
      41
      33
      30
      36
      37
      30
      27
      36
      33
      43
      30
      32
      36
      36
      33
      37
      25
      37
      32
      35
      46
      26
      35
      40
      29
      35
      43
      30
      37
      38
      26
      32
      34
      34
      34
      42
      33
      45
      43
      39
      32
      51
      39
      33
      33
      35
      39
      39
      33
      38
      36
      35
      42
      54
      38
      40
      32
      28
      31
      35
      22
      30
      24
      29
      29
      34
      41
      41
      30
      31
      31
      28
      28
      22
      19
      30
      21
      15
      10
      19
      17
      19
      19
      23
      21
      26
      17
      15
      15
      12
      13
      16
      19
      15
      14
      18
      21
      21
      16
      26
      15
      12
      20
      17
      18
      14
      11
      16
      14
      15
      12
      10
      16
      18
      16
      22
      16
      12
      19
      15
      14
      15
      10
      15
      14
      16
      14
      13
      14
      11
      16
      14
      15
      16
      10
      14
      15
      12
      12
       9
       5
      10
      16
      10
      14
      14
      12
      12
       7
       7
      13
      10
      12
      12
      10
       8
       9
       6
       9
      14
       9
      14
      12
      13
      12
      14
       9
      10
       5
      11
       9
       8
       9
       4
       7
      11
       9
       4
      25
      13
       8
       9
       7
       9
       6
      10
       6
       8
      10
       7
       6
       6
       8
       6
       7
       7
      10
       8
      12
      10
       8
       9
      13
       4
       9
       6
       7
       8
       4
      17
       8
       4
       7
       9
       9
       9
       7
       5
      10
       7
       8
       7
       3
       5
       8
       5
       7
       6
       8
       6
       7
       8
       7
       3
      11
       4
      11
       6
       4
       8
       7
       6
      13
       6
       7
       2
       7
       6
       6
       5
       3
       5
       7
       7
       4
       5
       6
       3
       3
       7
      10
       5
      10
       8
       6
       7
      12
       9
      10
       8
       8
       7
       8
       5
       4
       5
       7
       5
       7
       7
       9
       6
       5
      10
       4
       9
       6
       9
       4
       8
       8
       2
       8
       3
       5
       8
       4
       7
       3
      10
       8
       5
       4
       3
       7
       6
       5
       6
       5
       2
       3
       7
       4
       2
       2
       4
       3
       5
      10
       2
       3
       8
       1
       4
       7
       6
       9
       4
       9
       8
       8
       4
       2
       7
       2
      12
       5
       4
       1
       4
       2
       5
       3
       4
       6
       4
       3
       3
       2
       3
       1
       4
       5
       3
       2
       5
       7
       5
       3
       7
       4
       6
       1
       4
       1
       3
       5
       3
       7
       2
       5
       8
       3
       1
       2
       0
       3
       3
       5
       3
       5
       9
       5
       2
       8
       4
       6
       7
       6
       6
       2
       5
       4
       0
       3
       6
       3
       4
       4
       4
       3
       2
       3
       1
       4
       4
       2
       4
       4
       0
       3
       5
       3
       4
       3
       3
       7
       4
       1
       6
       5
       5
       5
       3
       3
       0
       5
       4
       2
       3
       2
       1
       3
       6
       2
       5
       3
       7
       4
       5
       5
       3
       3
       3
       4
       4
       4
       3
       4
       1
       5
       3
       5
       1
       6
       3
       2
       2
       3
       4
       3
       4
       4
       0
       5
       4
       3
       7
       4
       2
       5
       4
       3
       4
       4
       4
       3
       3
       2
       7
       2
       2
       3
       3
       0
       5
       6
       5
       2
       5
       2
       1
       1
       7
       4
       3
       6
       6
       3
       5
       3
       3
       5
       5
       3
       1
       2
       2
       3
       4
       4
       1
       4
       2
       5
       3
       3
       2
       1
       4
       4
       2
       1
       5
       3
       3
       2
       4
       4
       0
       2
       2
       1
       4
       6
       2
       5
       1
       5
       2
       0
       3
       4
       8
       6
       4
       2
       3
       7
       4
       7
       1
       0
       2
       3
       3
       3
       5
       5
       0
       5
       4
       3
       2
       3
       2
       1
       4
       1
       1
       2
       3
       1
       1
       4
       1
       0
       3
       2
       2
       3
       3
       7
       5
       1
       3
       5
       4
       1
       5
       2
       2
       0
       2
       5
       0
       2
       5
       0
       3
       3
       3
       2
       2
       3
       1
       1
       4
       2
       2
       3
       3
       2
       2
       3
       3
       2
       2
       5
       3
       3
       3
       2
       3
       2
       3
       4
       3
       1
       2
       0
       3
       0
       5
       4
       2
       2
       2
       3
       3
       1
       2
       3
       2
       2
       1
       2
       3
       2
       2
       1
       2
       1
       2
       2
       0
       3
       4
       1
       1
       1
       0
       3
       2
       5
       1
       5
       1
       2
       1
       2
       0
       2
       2
       3
       4
       2
       1
       2
       1
       1
       1
       3
       4
       2
       1
       2
       1
       0
       2
       3
       0
       3
       3
       3
       3
       1
       2
       0
       1
       4
       0
       3
       1
       4
       0
       1
       3
       1
       2
       2
       1
       2
       1
       2
       1
       1
       1
       2
       5
       2
       3
       0
       4
       0
       1
       0
       1
       3
       3
       2
       2
       1
       0
       1
       0
       2
       0
       1
       0
       0
       2
       0
       1
       0
       0
       2
       0
       2
       2
       0
       4
       1
       3
       0
       1
       2
       1
       2
       0
       1
       0
       0
       0
       0
       0
       0
       0
       0
       0
       0
       0
       0
       0
       0
       0
       0
       0
       0
       0
       0
       0
       0
       0
       0
       0
       0
       0
       0
       0
       0
       0
       0
       0
       0
       0
       0
       0
       0
       0
       0
       0
       0
       0
       0
       0
       0
       0
       0
       0
       0
       0
       0
$ROI:
1
3 1022
$PRESETS:
Live Time
240
0
$ENER_FIT:
-7.505623 1.460325
$MCA_CAL:
3
-7.505623E+000 1.460325E+000 0.000000E+000 keV
$SHAPE_CAL:
3
1.866601E+000 6.279851E-002 0.000000E+000
