$SPEC_ID:
No sample description was entered.
$SPEC_REM:
DET# 18
DETDESC# WD011-04 Easy-MCA-8k SN 13260152
AP# Maestro Version 7.01
$DATE_MEA:
04/21/2017 16:37:47
$MEAS_TIM:
240 240
$DATA:
0 1023
       0
       0
       0
       0
       0
       0
       0
       0
       0
       7
       3
       7
       6
       4
       6
      11
       5
       6
       3
       6
       8
       3
      14
       4
       2
      11
       7
       7
       9
      10
       1
       9
       8
       8
      11
       8
       6
       3
      11
       7
       6
      10
      11
      18
      13
       7
       7
       7
      14
      14
      10
       8
      10
      10
      17
       8
      12
       7
       9
      12
       9
       8
       8
      11
      16
       7
       9
      12
       8
      14
      10
      11
      14
      21
       7
       6
      13
      15
      11
      12
       7
      11
      14
      19
      26
      23
      21
      29
      38
      35
      37
      34
      39
      39
      27
      32
      34
      28
      27
      25
      27
      29
      28
      32
      24
      36
      33
      52
      50
      41
      51
      62
      44
      43
      57
      49
      45
      31
      40
      39
      34
      33
      43
      35
      42
      42
      35
      32
      36
      34
      39
      30
      34
      37
      31
      39
      43
      41
      28
      32
      33
      31
      29
      35
      33
      28
      26
      42
      35
      32
      32
      31
      29
      27
      29
      39
      36
      42
      18
      23
      30
      39
      44
      29
      31
      38
      26
      35
      46
      47
      34
      36
      26
      30
      37
      32
      36
      34
      33
      50
      39
      40
      29
      41
      44
      42
      34
      40
      33
      39
      35
      30
      35
      26
      39
      33
      32
      34
      41
      32
      35
      33
      33
      42
      32
      27
      48
      37
      34
      25
      43
      37
      35
      25
      40
      40
      36
      31
      29
      40
      28
      28
      37
      41
      38
      34
      33
      34
      37
      25
      27
      39
      39
      30
      33
      40
      34
      45
      32
      30
      41
      41
      35
      34
      41
      45
      42
      29
      37
      49
      38
      35
      39
      40
      42
      40
      38
      45
      46
      34
      51
      31
      39
      40
      26
      43
      40
      46
      38
      38
      31
      30
      28
      32
      24
      22
      26
      26
      30
      40
      20
      44
      27
      23
      31
      29
      30
      29
      26
      19
      27
      30
      29
      20
      24
      24
      21
      21
      13
      21
      22
      21
      19
      20
      14
      22
      12
      22
      21
      20
      11
      11
      16
      18
      12
      17
      23
      12
      17
      20
      19
      18
      15
      17
      16
      22
      13
      23
      11
      12
      13
      20
      16
      14
      16
      15
      14
      20
      16
      21
      17
      12
      16
      11
      14
      15
      16
       7
      10
      15
      10
       7
      13
      10
      12
      11
      10
       8
      16
      12
      15
      10
       7
       7
       9
       8
      10
      11
       8
       9
      10
      11
      15
       9
      11
       8
       3
       3
      12
       9
       8
       6
      10
       8
       9
      11
      13
      12
      10
       7
      10
       8
      13
      10
       9
      12
       5
       7
       8
       4
       8
       7
       4
       7
      11
       7
       5
       7
      11
      11
      15
       5
       8
       9
       9
       5
      11
       9
       9
      11
       8
       6
       5
       5
      11
       5
       6
      11
       4
       5
       5
       9
      10
       4
       9
       5
       5
      12
       7
       5
       7
       3
       6
       7
       5
       5
       8
       6
       6
       9
       9
       5
       8
       9
       5
       6
       9
       9
       8
       7
       9
      10
       2
       6
       8
       6
      10
       7
       5
       4
       6
       6
       4
       4
       6
       3
       7
       6
       6
       3
       4
      10
      11
       6
       7
       8
       6
       2
       3
       3
       9
       6
      10
       5
       8
       2
       4
       7
       5
       6
       9
       5
       4
       6
       3
       3
       6
       5
       4
       1
       3
       5
      10
       5
       4
       8
       5
       7
       8
       6
       5
      11
       1
       7
       2
       7
       6
       5
       9
       6
       2
       7
       3
       4
       6
       1
       3
       4
       3
       4
       4
       4
       3
       5
       2
       3
       6
       6
       4
       4
       2
       6
       5
       4
       3
       4
       8
       8
       4
       4
       2
       1
       3
       0
       2
       9
       6
       4
       2
       4
       4
       6
       6
       4
       5
       2
       5
       6
       6
       4
       8
       3
       4
       2
       0
       5
       3
       5
       6
       5
       0
       5
       2
       2
       5
       3
       1
      10
       2
       4
       6
       4
       2
       3
       8
       7
       2
       5
       5
       1
       3
       9
       1
       4
       3
       5
       4
       4
       2
       5
       4
       5
       7
       3
       6
       3
       6
       7
       2
       4
       3
       4
       4
       0
       4
       2
       2
       7
       7
       4
       4
       2
       4
       3
       5
       3
       7
       4
       3
       7
       7
       5
       3
       1
       5
       2
       5
       7
       2
       4
       3
       3
       7
       1
       1
       2
       4
       2
       3
       4
       4
       3
       6
       3
       4
       3
       5
       3
       5
       3
       5
       1
       2
       3
       2
       3
       4
       2
       8
       4
       3
       3
       4
       5
       3
       2
       4
       3
       3
       5
       2
       7
       2
       3
       4
       1
       2
       3
       3
       5
       3
       6
       1
       0
       4
       3
       8
       3
       5
       3
       3
       3
       4
       3
       3
       4
       5
       2
       3
       0
       1
       4
       1
       4
       3
       3
       3
       2
       5
       3
       4
       3
       2
       5
       4
       1
       4
       3
       9
       3
       4
       1
       2
       4
       2
       2
       0
       5
       2
       5
       2
       4
       3
       3
       1
       1
       0
       4
       3
       3
       4
       1
       3
       3
       2
       3
       3
       3
       8
       3
       3
       5
       0
       2
       3
       5
       5
       0
       2
       2
       2
       4
       4
       1
       9
       4
       5
       5
       2
       5
       5
       2
       1
       3
       2
       3
       0
       5
       3
       3
       5
       2
       3
       2
       4
       3
       3
       0
       6
       3
       2
       2
       2
       0
       5
       3
       3
       2
       3
       0
       3
       2
       1
       6
       2
       1
       3
       1
       4
       1
       1
       0
       4
       4
       4
       2
       1
       0
       1
       2
       3
       5
       4
       4
       0
       2
       3
       0
       0
       1
       3
       3
       2
       1
       1
       2
       3
       1
       3
       1
       3
       1
       1
       2
       3
       0
       2
       3
       1
       2
       2
       0
       0
       1
       2
       1
       0
       3
       3
       0
       2
       2
       2
       3
       1
       2
       1
       4
       2
       4
       0
       0
       2
       3
       4
       2
       2
       4
       0
       4
       2
       1
       2
       1
       2
       5
       1
       5
       4
       2
       3
       1
       2
       2
       1
       4
       2
       1
       0
       3
       1
       6
       1
       1
       1
       2
       0
       2
       0
       1
       1
       3
       1
       3
       1
       1
       2
       0
       2
       2
       2
       3
       1
       0
       4
       2
       3
       4
       0
       3
       1
       1
       2
       1
       1
       1
       1
       1
       2
       1
       1
       0
       0
       0
       0
       0
       0
       0
       0
       0
       0
       0
       0
       0
       0
       0
       0
       0
       0
       0
       0
       0
       0
       0
       0
       0
       0
       0
       0
       0
       0
       0
       0
       0
       0
       0
       0
       0
       0
       0
       0
       0
       0
       0
       0
       0
       0
       0
       0
       0
       0
       0
       0
       0
$ROI:
1
3 1022
$PRESETS:
Live Time
240
0
$ENER_FIT:
-7.505623 1.460325
$MCA_CAL:
3
-7.505623E+000 1.460325E+000 0.000000E+000 keV
$SHAPE_CAL:
3
1.866601E+000 6.279851E-002 0.000000E+000
