$SPEC_ID:
No sample description was entered.
$SPEC_REM:
DET# 18
DETDESC# WD011-04 Easy-MCA-8k SN 13260152
AP# Maestro Version 7.01
$DATE_MEA:
04/21/2017 15:33:50
$MEAS_TIM:
240 240
$DATA:
0 1023
       0
       0
       0
       0
       0
       0
       0
       0
       0
       6
       8
       7
       9
       4
       9
       4
       6
       4
       6
       4
       6
       7
       6
       9
       5
       5
       5
       8
       5
       3
       4
      15
       4
       7
       8
       8
      16
       7
       6
      11
      15
       9
       8
      13
       7
      11
      13
      16
      13
      14
      19
       7
       7
      10
      14
       7
       7
       4
      11
       7
       5
      10
       5
      13
       5
      10
      12
       8
      16
       9
      11
      10
       9
       9
      11
      11
       9
       7
      13
      12
       9
      10
      25
      18
      20
      27
      21
      29
      30
      26
      34
      29
      36
      37
      36
      39
      37
      28
      25
      28
      15
      24
      31
      37
      31
      29
      38
      30
      45
      37
      41
      34
      26
      46
      47
      44
      43
      33
      34
      47
      27
      32
      41
      32
      28
      38
      39
      32
      36
      35
      47
      27
      35
      30
      31
      28
      37
      35
      27
      29
      27
      29
      24
      37
      22
      29
      41
      25
      24
      24
      26
      35
      35
      34
      28
      34
      26
      18
      29
      25
      33
      16
      37
      32
      38
      34
      32
      21
      38
      36
      33
      30
      38
      27
      31
      32
      25
      34
      33
      36
      28
      32
      29
      39
      37
      41
      35
      46
      26
      27
      24
      41
      40
      36
      34
      28
      27
      35
      28
      23
      26
      39
      36
      33
      38
      33
      32
      37
      28
      35
      40
      26
      29
      30
      35
      25
      29
      40
      31
      33
      35
      33
      44
      36
      42
      40
      31
      24
      21
      42
      30
      41
      30
      44
      39
      32
      31
      38
      38
      37
      37
      36
      29
      35
      33
      39
      39
      37
      44
      44
      35
      21
      31
      33
      32
      35
      28
      40
      44
      42
      38
      37
      46
      44
      46
      23
      48
      33
      28
      33
      33
      37
      25
      38
      35
      31
      35
      24
      30
      36
      37
      26
      21
      18
      19
      16
      26
      16
      15
      23
      19
      17
      20
      13
      24
      25
      23
      12
      14
      16
      11
      17
      19
      17
      17
      14
      11
      17
       9
      10
      17
      18
      17
      10
      15
      10
       9
       9
      13
       8
      12
      11
      12
       9
      17
      11
      13
      12
      15
      11
      17
       7
      13
      12
      13
      12
       7
      10
      12
      13
       9
      15
      12
      10
       8
       9
      15
      12
       8
       4
      10
       5
       8
      11
       8
       9
       7
      11
       9
      11
      12
      10
       4
      14
      10
       3
      10
       7
       7
       8
       8
      10
       9
      10
       9
      16
       3
      10
      15
      12
      10
       9
       4
       7
       8
      10
      10
      18
       7
       4
      11
       5
      10
       8
      15
       8
       9
       8
      11
       4
       8
       4
       8
      10
       6
       6
       6
      10
       5
       5
       7
       5
       6
      12
      11
       9
       9
       9
       0
       4
      11
       9
       9
      10
       5
       5
       2
       7
      11
       3
      10
       8
       4
       5
       8
       4
       8
       8
       2
       6
       2
       5
       9
       7
       5
       5
       6
       3
       9
       5
       9
       4
       4
       7
       5
       4
       5
      10
       6
       9
       8
       9
       2
       5
       3
       6
       5
       6
       5
       7
       6
       3
       7
       4
       5
       6
       2
       7
       3
       5
       3
       5
       3
       9
       6
       8
       3
       3
       5
       6
       9
       3
       4
       7
       7
       2
      12
       5
      10
       5
       2
       6
       4
       6
       4
       4
       4
       5
       9
       4
       4
       6
       7
      11
       3
       6
       6
       2
       8
       4
       3
       8
       8
       3
       8
       6
       4
       5
       3
       5
       4
       7
       5
       6
       3
       1
       8
       4
       3
       5
       6
       6
       3
       5
       4
       8
       5
       6
       6
       3
       5
       1
       3
       6
       4
       3
       5
       8
       4
       4
       2
       5
       4
       1
       4
       2
       3
       3
       7
       3
       4
       5
       2
       5
       2
       6
       1
       4
       5
       1
       4
       3
       4
       2
       6
       3
       4
       5
       1
       4
       5
       7
       4
       3
       3
       4
       3
       2
       4
       3
       3
       4
       5
       4
       8
       0
       3
       2
       6
       5
       0
       5
       2
       3
       4
       5
       2
       4
       5
       1
       2
       3
       5
       1
       4
       3
       4
       2
       3
       3
       6
       4
       1
       3
       6
       1
       5
       3
       0
       2
       6
       2
       4
       1
       5
       3
       2
       0
       3
       4
       5
       0
       0
       1
       4
       6
       2
       4
       4
       6
       4
       4
       3
       4
       0
       3
       1
       1
       1
       3
       7
       5
       4
       4
       2
       8
       1
       3
       2
       6
       5
       7
       3
       6
       3
       5
       2
       2
       5
       4
       2
       5
       4
       2
       2
       3
       5
       3
       2
       3
       3
       3
       5
       7
       1
       2
       5
       3
       5
       2
       5
       2
       4
       0
       3
       3
       1
       0
       6
       4
       0
       0
       3
       1
       3
       3
       2
       1
       4
       3
       0
       2
       3
       0
       3
       2
       0
       3
       3
       1
       2
       2
       1
       2
       2
       3
       0
       5
       5
       1
       2
       1
       1
       1
       1
       0
       3
       2
       1
       1
       2
       2
       5
       6
       3
       3
       3
       1
       3
       2
       1
       3
       2
       3
       4
       6
       3
       3
       2
       4
       2
       3
       1
       4
       3
       2
       1
       4
       2
       0
       1
       5
       2
       6
       2
       2
       3
       3
       3
       2
       5
       4
       5
       3
       3
       6
       1
       3
       3
       1
       3
       3
       1
       4
       2
       3
       4
       1
       1
       3
       1
       2
       4
       3
       1
       3
       5
       4
       0
       5
       2
       2
       1
       3
       8
       3
       0
       5
       3
       2
       3
       1
       2
       3
       2
       4
       3
       3
       0
       1
       0
       1
       3
       0
       1
       1
       3
       1
       2
       2
       4
       2
       0
       1
       3
       1
       4
       5
       2
       6
       0
       1
       2
       0
       1
       0
       0
       2
       3
       2
       1
       2
       1
       3
       0
       3
       1
       2
       0
       0
       1
       2
       0
       5
       4
       0
       0
       2
       2
       1
       0
       0
       2
       4
       2
       1
       2
       3
       2
       0
       2
       0
       2
       2
       3
       1
       1
       3
       2
       1
       1
       0
       2
       2
       3
       0
       0
       1
       1
       2
       2
       4
       3
       4
       1
       1
       3
       1
       0
       0
       2
       1
       0
       1
       2
       5
       0
       1
       0
       0
       3
       0
       3
       0
       2
       2
       4
       3
       0
       2
       1
       0
       2
       0
       0
       3
       0
       1
       2
       1
       2
       1
       0
       0
       0
       0
       0
       0
       0
       0
       0
       0
       0
       0
       0
       0
       0
       0
       0
       0
       0
       0
       0
       0
       0
       0
       0
       0
       0
       0
       0
       0
       0
       0
       0
       0
       0
       0
       0
       0
       0
       0
       0
       0
       0
       0
       0
       0
       0
       0
       0
       0
       0
       0
$ROI:
1
3 1022
$PRESETS:
Live Time
240
0
$ENER_FIT:
-7.505623 1.460325
$MCA_CAL:
3
-7.505623E+000 1.460325E+000 0.000000E+000 keV
$SHAPE_CAL:
3
1.866601E+000 6.279851E-002 0.000000E+000
