$SPEC_ID:
No sample description was entered.
$SPEC_REM:
DET# 19
DETDESC# WD011-04 Easy-MCA-8k SN 13260150
AP# Maestro Version 7.01
$DATE_MEA:
04/21/2017 18:28:50
$MEAS_TIM:
120 120
$DATA:
0 1023
       0
       0
       0
       0
       0
       0
       0
       0
       1
      15
      32
      49
      41
      48
      39
      40
      43
      44
      42
      36
      48
      66
      45
      48
      37
      42
      56
      43
      40
      42
      38
      58
      45
      37
      42
      45
      39
      52
      53
      44
      60
      67
      69
      53
      75
      66
      67
      55
      76
      58
      72
      49
      55
      60
      56
      52
      50
      60
      67
      65
      61
      57
      60
      52
      67
      66
      64
      56
      57
      52
      54
      57
      62
      72
      77
      52
      86
      67
      82
      79
      75
      79
      65
      85
      76
      94
      78
      97
      89
      80
      88
      97
      88
      92
      99
     100
      99
     112
     112
      97
     104
     125
     102
     103
      89
     125
     121
     108
     105
      87
      99
     130
     101
     116
     107
     111
     118
      91
     116
     109
     104
     116
      94
     101
     118
     108
     114
     125
      96
     115
     128
     105
     107
     114
     122
     119
      99
     107
     114
      97
      97
     120
     108
     116
      92
     105
     111
     119
      84
     113
      83
      97
      99
     125
     103
     107
     116
      95
     114
      95
     114
     108
     102
      81
     109
      95
      96
      93
      93
     110
      99
      95
      89
     106
     103
     101
      89
      94
      85
      97
      90
      96
      97
      92
     108
     109
     107
      92
      87
     109
     106
     107
      97
      86
      94
     111
     104
      89
     105
      90
      90
      95
      83
      76
      90
      81
      92
      82
      75
      90
     103
      95
      95
      93
      86
      62
      74
      90
      88
      76
      93
      76
      84
      86
      89
      88
      83
      84
      92
      74
      88
      84
      89
     102
      78
      72
      76
      82
      89
     101
      93
      69
     103
      80
     102
      82
      80
      93
      89
      89
      97
      88
      78
      86
      79
      74
      76
      82
      72
      95
      79
      71
      68
      86
      87
      70
      72
      57
      87
      81
      65
      81
      67
      77
      61
      89
      80
      72
      68
      79
      75
      67
      74
      61
      73
      77
      69
      63
      62
      67
      70
      78
      71
      70
      60
      73
      68
      68
      69
      44
      72
      59
      60
      65
      67
      66
      65
      68
      84
      58
      60
      72
      69
      44
      66
      62
      60
      63
      62
      60
      52
      58
      68
      55
      52
      51
      47
      62
      75
      46
      59
      57
      54
      41
      60
      56
      61
      50
      57
      54
      60
      55
      61
      49
      65
      68
      52
      62
      52
      51
      58
      69
      61
      64
      48
      51
      63
      56
      53
      47
      53
      57
      56
      69
      52
      51
      38
      54
      63
      47
      44
      59
      65
      41
      44
      44
      64
      45
      46
      62
      49
      42
      43
      43
      34
      48
      63
      45
      48
      53
      55
      50
      38
      49
      49
      54
      51
      59
      49
      56
      48
      35
      59
      46
      37
      42
      39
      47
      32
      44
      50
      69
      43
      46
      51
      43
      59
      52
      41
      41
      55
      54
      54
      55
      49
      45
      37
      47
      37
      58
      56
      48
      45
      46
      52
      57
      50
      43
      43
      35
      49
      41
      46
      46
      53
      49
      46
      47
      55
      48
      45
      59
      51
      47
      42
      48
      41
      42
      37
      51
      43
      45
      51
      48
      40
      42
      33
      52
      35
      47
      55
      49
      52
      49
      41
      55
      48
      43
      41
      46
      45
      48
      39
      34
      45
      44
      47
      43
      39
      41
      60
      43
      49
      45
      41
      45
      44
      51
      37
      39
      67
      54
      48
      55
      42
      54
      34
      49
      44
      49
      57
      35
      46
      52
      42
      45
      45
      45
      45
      39
      39
      28
      48
      49
      43
      41
      46
      42
      44
      38
      40
      52
      48
      50
      40
      34
      50
      42
      51
      45
      34
      37
      41
      41
      38
      38
      38
      29
      22
      34
      40
      26
      37
      27
      38
      28
      40
      25
      38
      32
      25
      34
      30
      21
      29
      29
      20
      26
      28
      21
      24
      25
      30
      19
      24
      18
      20
      30
      22
      25
      26
      12
      21
      20
      15
      14
      22
      15
      17
      20
      19
      12
      15
      17
      19
      16
      12
      17
      19
      22
      17
      15
      13
      13
      24
      17
      16
      11
      13
       8
      13
      21
       7
      16
      11
      21
      10
      11
       8
      10
      12
      14
      10
      11
      10
      14
      10
      13
       8
       9
       4
      11
      10
       5
       7
      10
       8
      10
      13
       8
       9
       8
       4
       8
      13
       9
      12
       6
       9
      15
      13
      11
       7
      15
       8
      11
       8
      14
       6
      14
       3
      10
      11
      12
       7
      12
      14
       7
      10
       6
       5
       7
       9
       8
      11
       7
       7
       6
      16
       9
       9
      12
       8
      10
       8
       8
      10
      13
       6
       3
       7
      15
      11
      12
      13
       9
      11
       5
       9
       9
       8
      11
       8
      10
       9
      14
      16
      22
      10
      16
      20
      17
      13
      15
      13
      14
      16
      13
      16
      18
      27
      17
      13
      26
      30
      25
      30
      30
      34
      41
      43
      27
      38
      43
      62
      67
      57
      47
      57
      93
      68
      89
      86
      86
     106
      77
      96
      94
     123
     137
     120
     106
     130
     144
     109
     144
     142
     168
     157
     204
     197
     197
     211
     191
     187
     225
     218
     222
     215
     244
     216
     250
     265
     241
     255
     253
     266
     237
     274
     292
     270
     258
     282
     285
     285
     271
     277
     272
     249
     281
     264
     265
     245
     259
     245
     247
     256
     260
     228
     220
     196
     220
     201
     191
     195
     171
     172
     166
     160
     153
     138
     142
     126
     119
      99
      97
      99
      80
      91
      91
      84
      79
      62
      78
      56
      58
      53
      39
      54
      40
      40
      32
      29
      36
      29
      27
      25
      18
      17
      20
      17
      13
      19
       6
      10
       8
      13
       4
       7
      12
       6
       8
       7
       7
       3
       6
       3
       5
       2
       4
       7
       7
       5
       6
       5
       5
       0
       5
       4
       2
       1
       1
       2
       2
       4
       0
       3
       2
       2
       1
       2
       0
       2
       0
       4
       4
       0
       2
       2
       1
       1
       2
       4
       2
       2
       0
       2
       6
       4
       1
       2
       5
       3
       2
       0
       3
       4
       2
       2
       3
       2
       1
       1
       2
       3
       5
       1
       2
       2
       0
       3
       1
       1
       2
       3
       2
       3
       1
       3
       1
       4
       1
       0
       3
       2
       1
       1
       3
       2
       3
       4
       5
       2
       4
       2
       1
       2
       2
       3
       3
       2
       3
       3
       1
       2
       1
       4
       1
       0
       2
       4
       2
       3
       0
       1
       2
       2
       2
       2
       3
       5
       3
       4
       0
       1
       3
       0
       0
       0
       0
       0
       0
       0
       0
       0
       0
       0
       0
       0
       0
       0
       0
       0
       0
       0
       0
       0
       0
       0
       0
       0
       0
       0
       0
       0
       0
       0
       0
       0
       0
       0
       0
       0
       0
       0
       0
       0
       0
       0
       0
       0
       0
       0
       0
$ROI:
1
3 1022
$PRESETS:
Live Time
120
0
$ENER_FIT:
0.000000 0.000000
$MCA_CAL:
3
0.000000E+000 0.000000E+000 0.000000E+000 
$SHAPE_CAL:
3
0.000000E+000 0.000000E+000 0.000000E+000
