$SPEC_ID:
No sample description was entered.
$SPEC_REM:
DET# 19
DETDESC# WD011-04 Easy-MCA-8k SN 13260150
AP# Maestro Version 7.01
$DATE_MEA:
04/21/2017 18:00:11
$MEAS_TIM:
120 120
$DATA:
0 1023
       0
       0
       0
       0
       0
       0
       0
       0
       1
      10
      45
      48
      41
      37
      46
      37
      40
      32
      38
      42
      45
      46
      42
      40
      35
      43
      38
      34
      42
      43
      42
      38
      44
      45
      46
      41
      49
      50
      65
      48
      75
      65
      67
      75
      80
      75
      65
      65
      72
      54
      44
      55
      50
      67
      51
      49
      48
      67
      54
      62
      60
      59
      57
      70
      63
      60
      58
      54
      74
      73
      67
      71
      70
      73
      67
      58
      69
      76
      93
      80
      71
      66
      75
      82
      93
      97
      79
      93
      76
      81
      88
      96
     105
     113
     107
     112
     101
      88
     121
     111
     111
     117
     114
     103
     116
     104
     100
     115
     114
     110
     126
     132
     109
     124
     113
     126
     103
     110
     108
     115
     114
     116
     107
     125
     119
      94
     118
     112
     115
     101
     116
     108
     113
     116
     107
      96
     107
     120
     100
     119
      94
     103
     100
     101
     104
     133
     111
     109
     106
     107
     102
     109
     126
      99
     104
     102
      90
     112
     114
     108
     115
      96
     116
     115
     123
      99
     107
      91
      94
     112
      93
     105
     104
     103
      95
     110
      86
      98
     115
      99
     104
     102
     108
      80
      90
      96
      90
     101
      97
      93
     104
      96
      85
      90
     103
      89
      94
      76
      91
      88
     101
      87
      89
      89
      94
      88
      81
      92
      86
      80
      93
      92
      87
      78
      90
      96
     102
      78
      97
      84
      93
      95
      91
      81
      68
      63
      93
      72
      89
      92
      68
      88
      91
      86
      86
      75
      89
      81
      95
      82
      87
      91
     105
      88
      81
      79
      88
      89
      88
     100
      66
      74
      80
      79
      81
      69
      81
      73
      76
      77
      86
      89
      95
      86
      86
      80
      81
      70
      71
      69
      66
      81
      64
      73
      82
      79
      65
      72
      82
      71
      67
      82
      59
      81
      64
      68
      72
      64
      73
      74
      65
      64
      67
      52
      73
      60
      55
      61
      65
      70
      67
      55
      67
      73
      65
      59
      52
      65
      75
      59
      53
      70
      68
      57
      59
      64
      75
      58
      65
      68
      54
      59
      52
      64
      51
      64
      48
      46
      71
      38
      47
      55
      60
      51
      62
      58
      69
      57
      63
      63
      65
      55
      53
      57
      58
      52
      53
      52
      48
      56
      41
      50
      45
      51
      57
      63
      51
      48
      48
      45
      49
      53
      50
      41
      53
      63
      64
      58
      64
      52
      48
      44
      52
      61
      56
      46
      64
      45
      40
      58
      53
      71
      59
      57
      53
      47
      51
      45
      60
      49
      53
      60
      43
      43
      45
      44
      52
      59
      53
      58
      39
      37
      51
      57
      48
      52
      45
      45
      53
      49
      36
      55
      49
      56
      54
      46
      38
      55
      47
      60
      51
      44
      44
      52
      50
      46
      50
      47
      48
      43
      51
      49
      54
      39
      46
      51
      45
      47
      41
      40
      39
      51
      38
      40
      46
      41
      36
      40
      51
      40
      45
      45
      39
      50
      47
      47
      47
      58
      54
      39
      39
      46
      32
      42
      47
      33
      33
      42
      44
      51
      42
      48
      45
      49
      44
      52
      56
      38
      37
      54
      43
      44
      39
      45
      41
      36
      37
      49
      41
      37
      44
      46
      45
      45
      53
      37
      41
      47
      39
      51
      35
      44
      48
      25
      43
      46
      46
      43
      42
      53
      44
      45
      45
      38
      38
      44
      57
      55
      53
      44
      38
      40
      45
      44
      42
      40
      36
      34
      56
      46
      38
      46
      41
      42
      42
      43
      47
      30
      40
      42
      33
      36
      32
      26
      36
      41
      40
      31
      41
      31
      37
      34
      36
      17
      31
      24
      29
      22
      35
      19
      20
      24
      26
      20
      26
      18
      21
      25
      21
      18
      24
      21
      23
      19
      10
      22
      24
      14
      20
      18
      28
      21
      15
      14
      27
      14
      21
      21
      17
      13
      10
      15
      17
      13
      16
      17
      10
      24
       7
      16
      14
       7
      15
      18
      16
      11
      12
       9
      12
      10
       8
       9
      16
      12
       9
      13
      16
       9
       8
       7
      13
      18
       7
       9
      14
      11
      10
       8
       7
      10
       9
      13
      10
      11
       9
      14
       9
       8
      16
      11
       6
       9
       8
      10
       6
      11
       9
       8
       9
      13
       7
       6
      16
      11
       3
      15
       9
      10
       5
       7
       5
       9
       6
      13
      11
       7
      12
       7
      10
       7
      13
      10
      15
      10
      13
       7
      12
       9
       7
       8
       4
      11
       4
      13
      12
       6
       5
       6
      11
       5
       5
       7
       6
      12
       9
      10
       9
      13
      13
       9
      11
      12
      11
      13
      13
      10
      19
      11
      10
      16
      13
      13
      14
      18
      17
      23
      21
      24
      24
      21
      23
      17
      25
      17
      21
      38
      38
      33
      26
      33
      53
      42
      58
      44
      61
      51
      67
      51
      64
      57
      66
      72
      88
      87
      83
      86
      96
      92
      93
     117
     117
     127
     136
     136
     144
     124
     130
     161
     173
     184
     174
     187
     183
     179
     194
     213
     219
     214
     221
     229
     208
     242
     251
     272
     254
     256
     260
     255
     260
     246
     228
     258
     255
     262
     247
     246
     235
     249
     268
     248
     244
     228
     228
     236
     237
     235
     220
     216
     227
     213
     197
     165
     174
     175
     202
     189
     168
     141
     135
     128
     129
     125
     125
     121
     126
     110
      86
      89
      97
      88
      68
      70
      69
      46
      58
      54
      49
      43
      35
      46
      34
      35
      30
      25
      25
      26
      18
      14
      23
      15
      17
      19
      11
      13
       9
       8
       7
      10
       6
       8
      13
      11
       5
       2
       4
       6
       7
       6
       7
       6
       5
       6
       3
       6
       2
       5
       3
       3
       5
       0
       1
       2
       2
       3
       2
       1
       2
       2
       4
       6
       2
       4
       1
       5
       0
       3
       4
       3
       4
       3
       2
       3
       2
       4
       2
       2
       1
       1
       2
       2
       3
       5
       2
       7
       3
       1
       5
       5
       2
       1
       1
       4
       2
       1
       3
       2
       1
       3
       4
       2
       3
       2
       3
       1
       2
       2
       3
       0
       3
       3
       3
       3
       4
       1
       0
       3
       3
       2
       0
       2
       0
       1
       4
       1
       2
       2
       2
       3
       0
       0
       1
       3
       1
       1
       1
       1
       2
       1
       3
       1
       1
       6
       1
       2
       1
       0
       2
       5
       3
       3
       2
       4
       2
       1
       4
       2
       0
       0
       0
       0
       0
       0
       0
       0
       0
       0
       0
       0
       0
       0
       0
       0
       0
       0
       0
       0
       0
       0
       0
       0
       0
       0
       0
       0
       0
       0
       0
       0
       0
       0
       0
       0
       0
       0
       0
       0
       0
       0
       0
       0
       0
       0
       0
       0
$ROI:
1
3 1022
$PRESETS:
Live Time
120
0
$ENER_FIT:
0.000000 0.000000
$MCA_CAL:
3
0.000000E+000 0.000000E+000 0.000000E+000 
$SHAPE_CAL:
3
0.000000E+000 0.000000E+000 0.000000E+000
