$SPEC_ID:
No sample description was entered.
$SPEC_REM:
DET# 19
DETDESC# WD011-04 Easy-MCA-8k SN 13260150
AP# Maestro Version 7.01
$DATE_MEA:
04/21/2017 18:42:36
$MEAS_TIM:
120 120
$DATA:
0 1023
       0
       0
       0
       0
       0
       0
       0
       0
       0
      12
      56
      40
      51
      48
      56
      42
      51
      51
      37
      55
      36
      45
      48
      57
      52
      32
      43
      56
      49
      47
      57
      49
      48
      52
      54
      59
      55
      66
      55
      67
      59
      70
      58
      65
      71
      71
      70
      80
      61
      63
      51
      55
      62
      56
      82
      54
      57
      74
      53
      51
      64
      73
      69
      69
      58
      70
      56
      70
      61
      57
      79
      74
      75
      65
      71
      67
      99
      73
      82
      76
      88
      90
      80
      78
      88
      84
      81
      96
      80
     118
      77
      89
      91
      99
     117
     104
     108
     113
      85
     119
     115
     109
     106
     112
     114
     105
     116
     125
      87
     122
     117
     104
     120
     104
     112
     115
     125
     122
     104
     113
     112
     120
     122
      94
     121
     118
     123
     131
     134
     120
     126
     117
     128
     112
     123
     110
     117
     123
     124
     134
     120
     109
     110
     108
     113
     122
     119
     109
     107
     108
     112
     127
     111
     105
      97
     108
     120
     115
     116
     113
     109
     116
      87
     108
     107
     106
     112
     106
     123
     114
      75
     118
      91
      88
     118
      91
     119
      94
     114
     103
     100
      80
     118
     111
     117
     107
      96
      99
     112
     104
      98
      95
     106
     107
      89
      91
     101
      95
     104
      88
     109
      90
      96
      87
     104
      74
     104
      73
      87
      84
      92
      90
     100
      79
      92
     104
      99
      89
      91
      97
      87
      96
     103
     101
     104
      98
     104
      87
      95
      93
      89
     108
      95
      88
     101
      77
      86
      84
     113
      97
      99
      99
      82
      88
      86
      93
     107
      85
      84
      82
      95
      89
      83
      81
      73
      76
      79
      93
      90
      73
      82
      68
      83
      79
      85
      81
      83
      89
      71
      82
      74
      80
      80
      78
      67
      78
      84
      83
      83
      85
      69
      69
      83
      73
      76
      83
      72
      73
      72
      81
      75
      82
      81
      70
      73
      71
      78
      68
      84
      85
      56
      75
      72
      85
      64
      57
      69
      66
      57
      66
      46
      64
      57
      68
      78
      70
      60
      71
      54
      78
      68
      76
      61
      66
      64
      66
      67
      66
      57
      60
      61
      63
      66
      70
      70
      73
      69
      63
      57
      50
      69
      84
      64
      64
      56
      38
      71
      63
      49
      56
      59
      68
      70
      63
      67
      63
      69
      61
      56
      43
      51
      62
      55
      63
      53
      65
      61
      69
      70
      48
      72
      49
      59
      54
      54
      59
      52
      72
      40
      52
      58
      40
      49
      51
      49
      56
      54
      53
      55
      62
      62
      50
      49
      69
      53
      45
      51
      50
      48
      61
      62
      69
      52
      42
      54
      46
      59
      51
      42
      45
      68
      58
      54
      51
      69
      50
      61
      37
      65
      44
      51
      54
      58
      42
      65
      56
      54
      58
      64
      58
      48
      54
      58
      54
      55
      48
      64
      55
      45
      52
      65
      49
      68
      50
      65
      48
      66
      52
      55
      47
      58
      49
      58
      59
      58
      50
      51
      47
      64
      61
      51
      47
      51
      55
      45
      46
      56
      55
      59
      44
      47
      39
      50
      63
      52
      54
      58
      59
      60
      46
      43
      59
      54
      54
      57
      50
      50
      45
      55
      52
      57
      56
      50
      48
      60
      48
      51
      62
      52
      58
      51
      73
      47
      57
      48
      46
      47
      43
      51
      57
      51
      62
      61
      52
      36
      43
      49
      58
      46
      37
      45
      51
      52
      51
      58
      58
      64
      52
      48
      46
      40
      60
      52
      54
      52
      45
      48
      45
      41
      44
      40
      32
      52
      48
      33
      47
      37
      49
      38
      44
      39
      45
      41
      37
      35
      37
      30
      40
      34
      28
      36
      30
      29
      24
      34
      20
      34
      28
      25
      21
      29
      31
      33
      26
      31
      27
      27
      25
      19
      15
      20
      22
      16
      32
      25
      17
      15
      30
      14
      18
      19
      20
      26
      23
      21
      15
      20
      12
      13
      17
      13
      19
      23
      16
      11
      12
      21
      17
      20
      21
      18
       9
      15
      13
      16
      11
      13
      25
      13
      12
       9
      16
       7
       9
      11
      11
      14
      14
      15
      12
       9
      15
      13
      12
      15
       9
      11
       6
       9
       9
      10
      12
      13
       9
       8
       9
       7
       6
       9
      13
       9
      14
       8
       8
      14
       8
      10
       6
       5
      11
       8
       9
      13
       5
       5
       6
       7
      12
       8
       6
       8
       7
       7
      13
      12
      12
      11
       6
       7
      17
       4
       5
       7
      15
       9
      10
       8
      11
      11
      10
       5
      14
       9
       7
       9
      14
       9
      10
      12
       6
      11
      12
       9
      12
      17
      14
      14
      15
      13
      22
      13
      20
       7
      19
      10
      23
      10
      15
      20
      14
      25
      20
      23
      25
      26
      25
      22
      29
      34
      39
      36
      32
      42
      50
      54
      53
      67
      56
      61
      70
      77
      73
      84
     100
      82
      88
     112
     117
     107
     119
     125
     129
     138
     122
     150
     165
     172
     157
     180
     200
     183
     233
     220
     206
     225
     220
     235
     255
     255
     252
     239
     255
     283
     257
     294
     300
     294
     307
     263
     296
     312
     326
     338
     321
     326
     310
     302
     328
     304
     308
     322
     305
     316
     292
     279
     293
     290
     287
     252
     250
     249
     226
     236
     238
     187
     192
     199
     200
     190
     174
     201
     175
     163
     140
     145
     143
     123
     119
     106
     103
      80
      88
     107
      78
      51
      72
      61
      55
      70
      53
      51
      40
      42
      36
      33
      32
      27
      26
      19
      16
      16
      22
      15
      12
      13
       3
      10
       9
      13
       9
       7
       4
       7
       4
       6
       7
       5
       4
       6
       7
       3
       6
       4
       5
       2
       6
       1
       2
       2
       2
       2
       1
       1
       5
       4
       4
       4
       0
       2
       4
       2
       1
       2
       3
       2
       2
       2
       2
       2
       2
       2
       1
       3
       1
       4
       2
       1
       1
       6
       3
       4
       2
       2
       1
       0
       3
       3
       1
       3
       0
       6
       1
       4
       4
       0
       5
       3
       4
       3
       3
       2
       4
       2
       3
       3
       2
       1
       3
       4
       2
       3
       3
       0
       2
       2
       1
       2
       3
       3
       2
       1
       2
       3
       3
       0
       2
       1
       1
       3
       2
       0
       1
       2
       2
       2
       2
       4
       1
       8
       3
       3
       2
       0
       1
       3
       2
       3
       2
       1
       1
       2
       0
       1
       3
       2
       0
       0
       1
       0
       0
       0
       0
       0
       0
       0
       0
       0
       0
       0
       0
       0
       0
       0
       0
       0
       0
       0
       0
       0
       0
       0
       0
       0
       0
       0
       0
       0
       0
       0
       0
       0
       0
       0
       0
       0
       0
       0
       0
       0
       0
       0
       0
       0
       0
$ROI:
1
3 1022
$PRESETS:
Live Time
120
0
$ENER_FIT:
0.000000 0.000000
$MCA_CAL:
3
0.000000E+000 0.000000E+000 0.000000E+000 
$SHAPE_CAL:
3
0.000000E+000 0.000000E+000 0.000000E+000
