$SPEC_ID:
No sample description was entered.
$SPEC_REM:
DET# 19
DETDESC# WD011-04 Easy-MCA-8k SN 13260150
AP# Maestro Version 7.01
$DATE_MEA:
04/21/2017 18:10:43
$MEAS_TIM:
120 120
$DATA:
0 1023
       0
       0
       0
       0
       0
       0
       0
       0
       0
      17
      35
      50
      43
      44
      47
      62
      52
      55
      35
      53
      43
      40
      51
      51
      49
      48
      57
      52
      40
      58
      50
      40
      54
      53
      52
      40
      59
      65
      53
      65
      85
     107
      97
      82
      86
      83
      87
      61
      75
      59
      65
      75
      62
      70
      42
      58
      63
      56
      64
      58
      64
      64
      82
      80
      70
      70
      79
      62
      75
      64
      77
      53
      77
      85
      86
      73
      75
      76
      93
      79
      85
      99
      84
      86
      87
      77
     109
      88
     102
     104
      91
      90
     103
      91
     121
     102
     102
     103
     127
     115
     135
     124
     108
     109
     108
      89
     103
     111
     140
     106
     103
     103
     114
     136
     103
     123
     123
     126
     132
     119
     122
     109
      99
     134
      90
     110
     138
     107
     123
     108
     107
     109
     106
     108
     115
      99
     108
     124
     105
     115
      94
      99
     119
     121
     104
     114
     115
     112
     120
     119
      93
     107
     107
      98
     102
     109
      96
     106
     112
     128
     114
      98
      95
     142
     109
     136
     103
     117
     107
     107
     105
     115
      98
     103
     110
      95
     110
      91
      96
     117
      96
      93
      81
     112
     113
     107
     101
     105
      96
      97
     108
     119
     111
      95
      91
      88
      88
      93
     101
     118
     105
     101
     100
      90
      84
      93
      90
      80
      90
      79
      87
      84
     104
      94
      78
     106
     101
      99
      89
      89
      96
     100
      97
      92
     109
      85
      93
      89
      85
      92
      68
     114
      74
      97
      83
      87
      93
      98
      80
      87
      76
     105
      98
      80
      96
     100
      79
      91
     106
      85
     100
      87
      78
      79
      64
      88
      77
      80
      78
      74
      84
      89
      97
      78
      81
      95
      91
      72
      78
      75
      96
      76
      69
      71
      85
      81
      85
      79
      75
      71
      57
      71
      75
      81
      65
      65
      63
      75
      67
      73
      77
      64
      71
      52
      78
      80
      63
      65
      82
      58
      71
      69
      81
      75
      65
      69
      71
      76
      67
      51
      61
      60
      66
      61
      67
      58
      67
      61
      67
      69
      45
      62
      45
      61
      55
      69
      64
      67
      47
      58
      70
      49
      59
      62
      50
      58
      69
      49
      70
      61
      57
      69
      68
      73
      64
      51
      63
      65
      58
      48
      58
      55
      64
      61
      56
      67
      65
      47
      58
      65
      59
      64
      65
      64
      57
      67
      72
      67
      64
      54
      59
      45
      65
      67
      55
      66
      59
      55
      71
      48
      50
      59
      49
      46
      51
      69
      49
      59
      61
      59
      50
      70
      56
      58
      59
      59
      54
      45
      40
      55
      44
      67
      59
      53
      69
      48
      50
      51
      43
      60
      56
      60
      48
      59
      51
      53
      54
      64
      66
      73
      53
      45
      70
      39
      62
      57
      57
      58
      56
      53
      60
      62
      56
      56
      54
      60
      51
      60
      55
      50
      55
      59
      62
      56
      50
      53
      55
      58
      64
      55
      37
      51
      58
      54
      46
      45
      60
      50
      52
      48
      53
      47
      46
      68
      38
      55
      51
      53
      47
      55
      52
      38
      65
      50
      48
      53
      58
      47
      53
      51
      53
      48
      46
      59
      44
      60
      47
      52
      54
      46
      53
      44
      50
      52
      50
      44
      65
      54
      45
      59
      58
      58
      53
      52
      53
      59
      46
      58
      38
      49
      43
      65
      54
      55
      37
      46
      45
      56
      37
      43
      58
      52
      54
      46
      57
      65
      47
      50
      60
      51
      46
      53
      53
      52
      57
      58
      44
      34
      43
      49
      49
      55
      38
      40
      44
      32
      32
      44
      43
      38
      52
      36
      37
      43
      40
      33
      37
      21
      43
      30
      28
      31
      25
      37
      44
      28
      34
      29
      28
      30
      21
      32
      17
      20
      30
      22
      25
      19
      20
      22
      20
      25
      20
      20
      20
      24
      20
      26
      19
      17
      15
      13
      11
      13
      13
      14
      16
      15
      13
      20
      10
      22
       9
      19
      19
      17
      14
      11
       7
       9
      14
      14
      10
      17
      14
      13
      16
      12
       8
      20
      14
       8
      16
      16
      15
      20
      10
      11
      10
      13
       8
      13
      14
       8
      13
       8
       9
       6
       4
      11
       6
       9
       5
       8
       6
       3
       9
      11
       5
       8
       6
       8
      11
       7
      10
      12
       5
      10
      12
      11
      12
      13
       7
       7
      11
       4
       6
      12
      10
       7
      10
      14
      12
      12
       7
       8
      11
      13
      13
      10
      11
      16
       7
      16
       9
       6
      12
      15
      14
      16
       7
      13
      11
      10
      11
       7
      18
       6
       9
      14
       9
      12
      14
      13
      17
      21
       9
      12
       9
      15
      19
      17
      14
      21
      12
      17
      19
      20
      14
      30
      23
      28
      23
      23
      28
      32
      33
      36
      42
      33
      47
      45
      46
      47
      61
      62
      43
      61
      75
      91
      58
      83
      90
      88
      87
      92
     147
     122
     114
     132
     100
     133
     152
     129
     149
     155
     163
     194
     180
     176
     214
     215
     231
     212
     214
     230
     239
     229
     220
     248
     273
     286
     323
     295
     285
     310
     299
     288
     302
     301
     302
     320
     313
     282
     299
     297
     325
     265
     278
     327
     304
     290
     293
     305
     261
     279
     250
     244
     242
     259
     269
     207
     240
     219
     210
     203
     190
     175
     172
     176
     136
     178
     146
     140
     122
     118
     115
     118
      96
      95
     102
      84
     104
      79
      74
      62
      61
      62
      53
      48
      43
      38
      42
      36
      36
      26
      25
      21
      16
      28
      16
      15
      12
      15
      10
      16
      13
      12
       8
       8
       6
      10
      14
       6
       9
       1
       4
       3
       4
       8
       3
       3
       5
       1
       2
       3
       2
       7
       1
       0
       1
       2
       1
       1
       1
       1
       1
       2
       0
       3
       3
       1
       2
       3
       2
       3
       4
       0
       3
       5
       0
       0
       3
       3
       2
       4
       1
       5
       2
       2
       4
       1
       1
       3
       2
       2
       2
       2
       4
       3
       0
       4
       2
       4
       1
       1
       3
       2
       1
       1
       3
       4
       1
       2
       2
       3
       1
       2
       3
       5
       2
       3
       2
       3
       2
       1
       2
       2
       2
       0
       4
       2
       1
       1
       1
       3
       2
       0
       2
       1
       3
       2
       0
       1
       2
       2
       2
       1
       3
       0
       2
       1
       1
       3
       5
       1
       1
       2
       0
       3
       3
       3
       1
       1
       4
       0
       0
       0
       0
       0
       0
       0
       0
       0
       0
       0
       0
       0
       0
       0
       0
       0
       0
       0
       0
       0
       0
       0
       0
       0
       0
       0
       0
       0
       0
       0
       0
       0
       0
       0
       0
       0
       0
       0
       0
       0
       0
       0
       0
       0
       0
       0
       0
       0
$ROI:
1
3 1022
$PRESETS:
Live Time
120
0
$ENER_FIT:
0.000000 0.000000
$MCA_CAL:
3
0.000000E+000 0.000000E+000 0.000000E+000 
$SHAPE_CAL:
3
0.000000E+000 0.000000E+000 0.000000E+000
