$SPEC_ID:
No sample description was entered.
$SPEC_REM:
DET# 19
DETDESC# WD011-04 Easy-MCA-8k SN 13260150
AP# Maestro Version 7.01
$DATE_MEA:
04/21/2017 18:14:59
$MEAS_TIM:
120 120
$DATA:
0 1023
       0
       0
       0
       0
       0
       0
       0
       0
       0
      14
      50
      54
      42
      41
      45
      48
      45
      51
      39
      47
      47
      46
      42
      48
      45
      47
      54
      64
      63
      50
      44
      55
      48
      48
      64
      53
      75
      57
      63
      69
      78
      57
      66
      62
      61
      70
      64
      76
      81
      47
      64
      50
      65
      62
      58
      57
      60
      70
      76
      62
      56
      75
      66
      61
      61
      74
      71
      72
      64
      75
      73
      83
      74
      70
      60
      65
      78
      76
      66
      85
      93
     101
      82
      96
      96
     100
      90
      80
     101
      95
     113
      93
     103
      95
     103
     120
     123
     124
     122
     101
     108
     117
     102
      92
     111
     106
     121
     108
     107
     131
     127
     103
     118
     118
     108
     117
     141
     118
     120
     121
     143
     117
     109
     120
     110
     103
     118
     117
      94
     132
     108
     121
     113
     117
     114
     118
      95
     117
      97
     129
      95
     129
     111
     101
     117
     110
     126
     129
     109
     110
     102
     110
     118
      90
      95
     114
     126
      99
     124
     106
     106
     114
     118
     119
      94
     114
     111
      95
     106
     112
     102
     114
     136
     107
     111
     111
     112
     104
      95
      97
     100
      94
     102
     111
     107
      95
      95
      98
     107
      98
      99
     107
     117
      78
      86
      85
     105
      94
      99
      99
     105
      79
      84
      81
      91
      91
     112
      80
      86
     104
      82
      93
      93
      96
      92
      85
      75
      98
      92
      83
     110
      90
      87
      94
      94
      94
      93
      91
      82
      87
      80
      86
      95
     101
      93
      93
     105
      90
      90
      77
      87
      93
      85
     103
      92
      92
      89
     100
      97
      79
      72
      94
      77
      77
      96
      94
      89
      79
      98
     101
      75
      95
      72
      85
      77
      77
      75
      86
      60
      96
      67
      78
      66
      85
      80
      66
      72
      69
      73
      79
      65
      73
      73
      72
      70
      63
      69
      74
      72
      59
      69
      63
      65
      76
      80
      76
      59
      76
      78
      68
      67
      70
      78
      67
      66
      63
      64
      65
      73
      63
      62
      74
      71
      71
      65
      73
      43
      72
      65
      74
      82
      63
      64
      60
      55
      50
      55
      66
      76
      48
      58
      66
      65
      67
      77
      75
      51
      61
      55
      66
      63
      52
      68
      61
      57
      61
      63
      46
      52
      67
      60
      61
      54
      80
      68
      60
      72
      61
      68
      67
      64
      55
      62
      70
      69
      55
      43
      64
      56
      55
      53
      55
      53
      61
      54
      57
      63
      68
      60
      43
      50
      58
      59
      73
      55
      59
      51
      62
      65
      57
      58
      50
      44
      68
      63
      52
      58
      62
      50
      66
      50
      52
      53
      64
      61
      46
      64
      66
      49
      64
      45
      43
      39
      62
      52
      58
      50
      49
      57
      54
      54
      76
      63
      57
      65
      52
      52
      61
      46
      53
      64
      60
      52
      51
      55
      40
      63
      62
      59
      54
      72
      49
      64
      45
      49
      51
      54
      51
      39
      58
      54
      60
      59
      62
      47
      52
      46
      54
      31
      47
      54
      47
      58
      46
      50
      76
      60
      57
      51
      60
      64
      53
      47
      57
      44
      65
      46
      50
      60
      66
      47
      48
      45
      53
      41
      54
      56
      39
      62
      49
      50
      57
      50
      53
      64
      55
      50
      50
      61
      49
      64
      57
      48
      56
      59
      55
      43
      49
      58
      66
      49
      59
      61
      56
      51
      64
      46
      55
      55
      62
      55
      56
      48
      63
      59
      49
      62
      52
      56
      59
      46
      56
      56
      66
      35
      59
      47
      35
      44
      47
      51
      55
      48
      43
      42
      48
      45
      39
      54
      47
      41
      43
      30
      38
      45
      34
      43
      36
      39
      32
      42
      35
      29
      43
      31
      27
      29
      23
      25
      20
      28
      23
      20
      18
      27
      17
      13
      23
      29
      25
      27
      23
      18
      23
      14
      24
      17
      19
      15
      20
      16
      25
      19
      16
      18
      20
      15
      17
      13
      14
      19
      18
      20
      18
      12
      16
       8
      17
      11
      17
      19
      18
      18
      14
      11
      12
      14
      12
       9
      14
      10
      12
      13
      21
      13
       9
      10
      15
      16
      12
       8
      10
      10
      14
       5
      13
      10
      12
      15
       9
       9
      10
       6
      10
       9
       6
       9
      12
      11
      12
       5
      11
       4
       9
      10
      11
      14
      13
       6
       6
       5
      15
      11
       9
       8
       9
      14
      15
       8
       7
       7
      10
      11
       9
       8
      11
      13
      20
      10
       6
       7
      10
       7
      10
      10
      10
       9
       8
       9
      11
       7
      10
      16
       5
       7
       7
      11
      13
      13
       9
       8
      16
       6
      12
      13
      17
       6
      14
      12
      17
      11
      15
      15
      14
      16
       8
      21
      19
      27
      18
      18
      23
      21
      32
      29
      38
      38
      44
      35
      42
      39
      41
      40
      42
      55
      44
      58
      68
      83
      78
      75
      79
      73
      80
      86
     112
     100
     123
     119
     130
     131
     126
     139
     165
     175
     152
     157
     181
     197
     208
     192
     201
     206
     215
     223
     232
     246
     264
     290
     263
     307
     284
     277
     313
     294
     300
     305
     321
     289
     312
     318
     293
     298
     307
     358
     325
     356
     303
     301
     306
     295
     281
     327
     287
     310
     267
     305
     255
     257
     238
     261
     231
     220
     211
     238
     190
     194
     165
     171
     169
     166
     171
     137
     142
     112
     110
     137
     115
     121
     115
     106
      88
      83
      79
      74
      56
      54
      54
      55
      67
      46
      43
      46
      36
      38
      28
      24
      24
      23
      17
      18
      16
      14
      17
      13
       9
       9
      12
       9
       7
       9
       8
       3
       5
       6
       8
       9
       2
       2
       4
       2
       1
       3
       4
       3
       5
       4
       0
       4
       2
       3
       1
       5
       4
       2
       3
       5
       0
       3
       3
       3
       5
       1
       1
       1
       0
       1
       2
       2
       2
       5
       3
       2
       5
       4
       1
       1
       2
       3
       2
       2
       8
       1
       3
       1
       2
       3
       2
       2
       2
       3
       2
       3
       1
       2
       2
       3
       0
       2
       1
       3
       1
       1
       2
       5
       4
       1
       2
       4
       1
       4
       1
       1
       5
       4
       0
       2
       3
       3
       2
       0
       1
       3
       1
       2
       4
       0
       3
       0
       3
       3
       0
       0
       2
       3
       2
       0
       0
       2
       1
       3
       4
       2
       2
       1
       0
       2
       3
       4
       5
       2
       1
       3
       2
       2
       1
       0
       0
       0
       0
       0
       0
       0
       0
       0
       0
       0
       0
       0
       0
       0
       1
       0
       1
       0
       0
       0
       0
       0
       0
       0
       0
       0
       0
       0
       0
       0
       0
       0
       0
       0
       0
       0
       0
       0
       0
       0
       0
       0
       0
       0
       0
       0
       0
$ROI:
1
3 1022
$PRESETS:
Live Time
120
0
$ENER_FIT:
0.000000 0.000000
$MCA_CAL:
3
0.000000E+000 0.000000E+000 0.000000E+000 
$SHAPE_CAL:
3
0.000000E+000 0.000000E+000 0.000000E+000
