$SPEC_ID:
No sample description was entered.
$SPEC_REM:
DET# 19
DETDESC# WD011-04 Easy-MCA-8k SN 13260150
AP# Maestro Version 7.01
$DATE_MEA:
04/21/2017 18:24:34
$MEAS_TIM:
120 120
$DATA:
0 1023
       0
       0
       0
       0
       0
       0
       0
       0
       0
       9
      45
      47
      42
      37
      37
      37
      42
      42
      42
      49
      37
      38
      44
      31
      41
      39
      48
      35
      38
      41
      37
      36
      40
      35
      51
      42
      56
      41
      42
      57
      63
      70
      66
      73
      66
      66
      62
      71
      81
      74
      46
      66
      56
      46
      54
      50
      54
      61
      65
      48
      60
      58
      80
      55
      65
      79
      67
      72
      57
      61
      58
      82
      75
      84
      70
      75
      69
      79
      72
      77
     100
      91
      74
      71
      73
      88
      95
      93
      93
      76
      81
      88
     102
      92
      97
     106
     114
     107
     129
     110
     111
     113
     128
     106
     105
     105
     111
     118
     103
     118
     110
      89
     114
     111
      95
     116
     105
     104
     102
     116
     124
     111
     102
     122
     131
     117
     115
     104
     105
     117
     105
     115
     111
     119
     117
      99
     113
     108
     110
     110
     127
     128
     101
     112
      95
     103
     117
      97
     111
      97
      84
     107
     112
     103
     106
     112
     116
     111
     104
     113
      86
     118
     109
     103
      93
      97
     103
      85
     109
     100
     104
      95
      96
      96
     100
     108
      88
     106
      89
      93
      92
      98
      92
     101
      84
      99
     109
     100
      85
      86
      97
      97
     114
      81
      85
      94
      83
      72
     114
      85
      93
      92
      73
      84
      91
      85
     101
      74
      92
      81
      81
      88
      75
      94
      88
      97
      81
      81
      74
      87
      74
     103
      86
      73
      99
      98
      88
      99
      85
      77
      80
      76
      84
     124
      72
      99
      78
      68
      91
      74
     105
      69
      77
     106
      84
      92
      69
      76
      79
      85
      62
      68
      65
      78
      79
      70
      81
      91
      89
      80
      79
      70
      78
      94
      68
      62
      68
      69
      63
      85
      66
      85
      74
      60
      76
      69
      56
      75
      86
      79
      75
      57
      65
      85
      74
      57
      69
      63
      76
      65
      49
      69
      63
      53
      59
      70
      61
      67
      57
      65
      56
      67
      60
      60
      62
      77
      69
      74
      61
      63
      63
      54
      62
      68
      47
      52
      64
      62
      55
      74
      47
      51
      73
      53
      53
      60
      63
      49
      48
      54
      60
      62
      55
      48
      74
      62
      65
      53
      53
      56
      48
      70
      51
      47
      50
      45
      46
      46
      53
      41
      57
      65
      63
      43
      70
      58
      47
      49
      57
      61
      46
      43
      59
      59
      61
      48
      53
      52
      43
      46
      39
      38
      58
      42
      46
      52
      54
      42
      56
      53
      55
      58
      46
      45
      44
      47
      55
      61
      45
      38
      51
      56
      55
      46
      45
      44
      59
      52
      36
      51
      44
      55
      46
      51
      53
      48
      49
      42
      49
      41
      51
      33
      55
      50
      40
      56
      50
      53
      32
      51
      48
      41
      60
      51
      43
      49
      54
      38
      50
      48
      51
      39
      54
      45
      48
      46
      42
      36
      54
      53
      43
      53
      39
      41
      47
      50
      57
      56
      46
      44
      29
      36
      42
      48
      51
      38
      43
      46
      42
      50
      52
      46
      56
      35
      40
      44
      43
      38
      40
      50
      41
      47
      46
      40
      38
      49
      59
      60
      58
      42
      47
      39
      46
      52
      46
      38
      45
      53
      49
      54
      32
      39
      52
      45
      49
      39
      40
      44
      48
      46
      47
      51
      56
      42
      57
      48
      44
      38
      43
      40
      43
      51
      35
      53
      45
      34
      43
      53
      37
      48
      47
      49
      35
      40
      41
      49
      39
      39
      47
      53
      43
      37
      44
      49
      38
      50
      33
      44
      42
      45
      33
      34
      41
      33
      34
      34
      27
      44
      29
      30
      32
      45
      24
      28
      31
      21
      31
      31
      33
      21
      32
      25
      23
      35
      24
      23
      27
      18
      23
      25
      13
      21
      12
      25
      22
      19
      14
      18
      16
      19
      14
      19
      19
      21
      17
      18
      10
      12
      22
      16
      18
      14
      12
      10
      13
      18
      22
      15
      14
      12
      17
      18
      15
      14
      15
      21
      19
      12
      20
      12
      15
      19
      10
      14
      12
       9
      15
       9
      15
      11
      10
      10
      14
      18
      11
      12
      12
      16
      13
      13
      12
       9
      14
      11
      10
      12
      15
       5
       7
       4
      11
       7
      10
      21
       9
      13
       7
      10
       9
       7
       4
       7
      10
      10
       9
       9
       8
      13
       8
      11
       6
       7
      15
      10
      14
       8
       6
      12
       6
      10
      10
       5
       7
       7
      15
       8
       6
       5
      13
      13
       7
       5
      12
      10
       8
       9
      10
       8
       8
      19
       7
       4
      10
      14
       8
      10
       8
       9
      11
       6
      11
       7
       8
      13
       7
       7
      13
      13
      17
      14
       9
      10
      13
      17
      15
      11
      11
      23
      24
      16
      16
      24
      27
      27
      28
      26
      38
      23
      32
      40
      34
      42
      46
      43
      47
      56
      41
      61
      64
      82
      69
      79
      80
      84
      85
      88
     100
     104
     126
     113
     118
     133
     133
     145
     155
     148
     163
     133
     155
     156
     196
     173
     185
     207
     203
     188
     223
     219
     233
     205
     236
     237
     245
     236
     258
     296
     262
     275
     275
     309
     265
     279
     278
     293
     292
     284
     284
     289
     279
     264
     270
     252
     243
     245
     249
     232
     251
     253
     237
     212
     210
     212
     197
     183
     187
     201
     169
     145
     142
     147
     150
     151
      97
     128
     104
     104
     101
     116
      87
      98
      81
      62
      71
      65
      68
      54
      59
      58
      47
      36
      27
      33
      34
      36
      30
      33
      16
      21
      27
      18
      18
      11
      15
      13
      18
       9
      12
       8
      10
       8
       7
       4
      10
       9
       7
       7
       7
       6
       3
       8
       3
       5
       3
       5
       5
       4
       2
       1
       4
       2
       3
       3
       5
       2
       2
       6
       1
       1
       1
       4
       4
       3
       1
       6
       2
       1
       0
       1
       2
       6
       3
       5
       3
       1
       7
       3
       4
       4
       2
       1
       3
       4
       2
       2
       5
       0
       1
       2
       3
       3
       2
       1
       4
       2
       2
       3
       1
       5
       4
       1
       0
       4
       1
       2
       1
       5
       3
       3
       1
       0
       2
       2
       4
       4
       5
       6
       1
       1
       1
       1
       3
       2
       3
       1
       4
       5
       3
       4
       1
       3
       1
       4
       3
       1
       2
       0
       1
       1
       3
       1
       0
       3
       3
       4
       3
       2
       0
       1
       2
       2
       1
       1
       4
       2
       2
       2
       0
       0
       1
       0
       0
       0
       0
       0
       0
       0
       0
       0
       0
       0
       0
       0
       0
       0
       0
       0
       0
       0
       0
       0
       0
       0
       0
       0
       0
       0
       0
       0
       0
       0
       0
       0
       0
       0
       0
       0
       0
       0
       0
       0
       0
       0
       0
       0
$ROI:
1
3 1022
$PRESETS:
Live Time
120
0
$ENER_FIT:
0.000000 0.000000
$MCA_CAL:
3
0.000000E+000 0.000000E+000 0.000000E+000 
$SHAPE_CAL:
3
0.000000E+000 0.000000E+000 0.000000E+000
