$SPEC_ID:
No sample description was entered.
$SPEC_REM:
DET# 19
DETDESC# WD011-04 Easy-MCA-8k SN 13260150
AP# Maestro Version 7.01
$DATE_MEA:
04/21/2017 18:05:37
$MEAS_TIM:
120 120
$DATA:
0 1023
       0
       0
       0
       0
       0
       0
       0
       0
       0
      12
      40
      53
      58
      42
      56
      48
      37
      49
      37
      42
      48
      49
      54
      44
      47
      52
      41
      40
      52
      51
      61
      56
      50
      49
      52
      45
      54
      58
      55
      60
      60
      70
      62
      58
      76
      66
      68
      79
      61
      50
      63
      64
      54
      58
      50
      56
      69
      59
      74
      61
      62
      63
      77
      71
      77
      72
      69
      62
      56
      78
      84
      70
      65
      68
      75
      93
      81
      83
      88
      71
      98
      87
     100
     101
      94
      88
      69
     104
      98
      97
     100
      97
      92
     105
      95
     110
     116
      97
     107
     103
     103
     118
     118
     108
     103
     125
     115
     116
     108
     111
     110
     117
     107
     115
     136
     118
      87
     124
     125
     122
     107
     117
     124
     130
     119
     117
     121
      93
     124
     130
     119
      93
     123
     104
     140
     113
     110
     121
     118
     112
     106
     125
     118
     144
     115
     107
     129
     138
     127
     124
     108
     131
     115
     112
     100
      93
     114
     122
     109
     120
     120
     122
     117
      96
      99
     106
     101
     117
     119
     103
     101
     108
     104
     104
      94
     113
     100
      95
      98
     101
      94
      94
      96
     114
      95
      95
     112
     105
     100
      92
     100
      92
      88
      93
      85
     105
      87
      95
      96
     107
      98
      92
      98
      87
     104
      99
      90
     111
      97
      87
     103
      91
     101
      87
      98
      76
      95
      78
     108
      90
      97
      88
      99
      94
     105
      80
      81
      87
      93
      95
      94
     108
      87
      77
      90
     103
      98
      87
      97
     106
      81
      86
     104
      72
      93
      80
     101
      94
      95
      94
     104
      97
      77
      75
      77
     101
      99
      85
     106
      73
      82
      82
      80
      79
      69
      82
      91
      76
      64
      89
      88
      89
      74
      74
      71
      88
      68
      85
      75
      75
      86
      88
      84
      76
      86
      55
      92
     105
      67
      79
      88
      87
      72
      60
      82
      76
      86
      71
      83
      68
      75
      63
      80
      67
      67
      77
      65
      54
      60
      73
      52
      74
      60
      84
      55
      61
      65
      67
      69
      55
      87
      70
      71
      61
      66
      55
      76
      69
      65
      50
      55
      65
      72
      58
      62
      63
      56
      67
      64
      55
      60
      65
      87
      60
      61
      59
      63
      63
      48
      71
      60
      56
      60
      65
      50
      66
      59
      76
      55
      70
      61
      61
      64
      62
      58
      65
      49
      57
      63
      63
      48
      56
      55
      55
      60
      60
      58
      66
      55
      55
      58
      64
      72
      49
      57
      69
      54
      52
      45
      52
      57
      38
      53
      55
      64
      77
      48
      47
      49
      59
      66
      70
      64
      46
      54
      60
      60
      70
      58
      68
      59
      60
      56
      58
      42
      45
      63
      58
      79
      61
      68
      63
      42
      52
      63
      47
      57
      61
      48
      53
      50
      50
      69
      59
      62
      64
      53
      66
      60
      39
      59
      59
      69
      49
      39
      52
      55
      64
      52
      57
      56
      46
      53
      53
      48
      42
      47
      55
      49
      45
      51
      64
      53
      61
      51
      56
      48
      61
      52
      49
      49
      51
      50
      70
      53
      53
      54
      50
      60
      46
      45
      54
      52
      50
      57
      47
      55
      59
      62
      50
      59
      60
      52
      51
      51
      56
      59
      50
      55
      60
      63
      63
      41
      49
      58
      54
      55
      48
      54
      56
      61
      57
      43
      68
      52
      49
      55
      55
      58
      63
      58
      44
      54
      69
      47
      48
      56
      63
      74
      58
      49
      41
      60
      57
      47
      52
      47
      44
      45
      45
      67
      62
      43
      39
      40
      55
      49
      48
      38
      47
      41
      47
      44
      30
      32
      31
      35
      39
      30
      39
      38
      30
      30
      27
      27
      29
      19
      22
      34
      31
      21
      28
      30
      22
      20
      23
      17
      22
      30
      32
      25
      21
      12
      16
      27
      20
      19
      21
      27
      19
      23
      18
      16
      17
      15
      18
      11
      17
      10
      22
      18
      14
      21
      18
      24
      17
      14
      13
      17
      19
      18
      18
      15
      17
      15
      11
      15
      10
      11
      13
      15
      12
      11
      12
      22
      13
      10
       9
      11
      10
      12
      11
       8
      10
      18
       7
      14
      13
      16
      15
      10
      10
       8
       7
       6
      15
      14
      10
      10
      12
       9
       8
       7
      17
      13
      12
      11
      12
       8
      12
      13
       7
      12
      13
       7
       4
       7
       3
      11
      12
       9
       6
      11
      10
      10
      15
      15
      17
      13
      13
      12
      11
      12
      10
      10
       7
       9
      12
       9
      17
      13
       7
      12
      16
      13
       9
      14
      10
      13
      10
      11
      15
      11
      12
      17
      14
      21
      11
      15
      20
      15
      25
      16
      15
      15
      17
      18
      27
      16
      24
      23
      29
      14
      26
      19
      32
      35
      44
      35
      35
      52
      43
      36
      62
      49
      61
      58
      65
      68
      72
      93
      92
      85
      97
      86
     108
     111
     122
     126
     118
     125
     155
     143
     130
     167
     158
     193
     175
     190
     190
     214
     205
     217
     220
     249
     230
     216
     249
     254
     258
     283
     261
     253
     286
     288
     280
     284
     330
     303
     324
     326
     337
     308
     319
     320
     315
     340
     310
     293
     304
     312
     272
     314
     311
     273
     299
     256
     253
     300
     242
     252
     240
     250
     223
     215
     213
     170
     174
     199
     138
     177
     178
     140
     159
     136
     132
     132
     121
     101
      86
      94
      88
      73
      56
      67
      67
      59
      48
      54
      53
      42
      26
      37
      32
      29
      33
      24
      28
      26
      18
      21
      19
      16
      20
      11
       7
       6
      13
      12
       8
      11
       5
      10
       9
       3
       4
       3
       1
       7
       4
       4
       2
       6
       4
       4
       3
       4
       7
       4
       4
       6
       2
       3
       5
       5
       1
       0
       2
       3
       1
       4
       5
       1
       6
       3
       3
       3
       6
       4
       2
       1
       2
       2
       3
       1
       4
       2
       5
       8
       1
       4
       1
       1
       2
       0
       0
       4
       0
       4
       0
       3
       1
       4
       3
       2
       2
       2
       1
       4
       5
       0
       3
       1
       1
       4
       0
       3
       2
       4
       4
       1
       0
       2
       4
       0
       2
       3
       3
       1
       3
       1
       2
       3
       0
       0
       2
       0
       3
       1
       2
       0
       1
       2
       1
       0
       1
       2
       2
       0
       5
       6
       4
       1
       0
       1
       2
       2
       1
       1
       2
       1
       3
       3
       2
       0
       1
       0
       1
       0
       0
       0
       0
       0
       0
       0
       0
       0
       0
       0
       0
       0
       0
       0
       0
       0
       0
       0
       0
       0
       0
       0
       0
       0
       0
       0
       0
       0
       0
       0
       0
       0
       0
       0
       0
       0
       0
       0
       0
       0
       0
       0
       0
       0
       0
$ROI:
1
3 1022
$PRESETS:
Live Time
120
0
$ENER_FIT:
0.000000 0.000000
$MCA_CAL:
3
0.000000E+000 0.000000E+000 0.000000E+000 
$SHAPE_CAL:
3
0.000000E+000 0.000000E+000 0.000000E+000
