$SPEC_ID:
No sample description was entered.
$SPEC_REM:
DET# 19
DETDESC# WD011-04 Easy-MCA-8k SN 13260150
AP# Maestro Version 7.01
$DATE_MEA:
04/21/2017 18:38:42
$MEAS_TIM:
120 120
$DATA:
0 1023
       0
       0
       0
       0
       0
       0
       0
       0
       0
      15
      59
      39
      49
      38
      49
      37
      45
      51
      35
      38
      55
      55
      49
      60
      45
      42
      37
      39
      50
      44
      39
      55
      41
      56
      62
      58
      43
      56
      57
      52
      85
      59
      93
      90
      74
      73
      85
      60
      78
      58
      64
      82
      54
      75
      85
      50
      68
      50
      48
      57
      61
      70
      58
      66
      68
      67
      50
      72
      59
      74
      76
      80
      73
      80
      66
      78
      75
      94
      79
      84
      66
      81
      77
      80
      94
      98
      82
      90
      99
      98
     109
     106
      90
     114
     129
     114
     135
     115
     112
     128
     103
     122
     117
     108
     135
     122
     103
     124
     118
      92
     100
     130
     112
     128
     108
     112
     111
     121
     115
     109
     114
     118
     113
     104
     109
     105
     116
     118
     105
     116
     106
     129
     120
     112
     127
     100
     106
     134
     116
     104
      98
     100
     118
     108
     120
      98
     111
     121
     117
     114
     116
     107
     105
     117
     105
     102
     116
     132
     121
     120
     105
     110
     114
     106
     122
     108
     104
     113
     110
     102
     114
     109
     114
      78
     105
     122
     100
     101
     133
     101
      99
     127
     105
      99
     103
      99
     103
     107
     101
     101
     104
      91
      98
      88
     112
      80
     124
      91
     115
     102
      89
      97
      95
      91
      93
      97
      96
      94
      83
      94
     100
     103
     100
      81
      98
      71
      85
      94
      89
      89
      82
      88
      91
      84
      97
      96
      94
     121
      83
      89
      98
     110
     102
      92
      86
      81
     102
      89
      96
      83
      88
      96
      97
      91
      95
      95
      95
      95
     100
      81
     100
      96
      90
      86
      93
      95
      76
     100
      82
      71
      95
      87
      84
      92
      74
      89
      79
      88
      81
      77
      86
      81
      83
      89
      88
      88
      84
      67
      90
      80
      66
      68
      95
      67
      64
      79
      81
      89
      87
      96
      86
      79
      66
      88
      68
      67
      83
      66
      68
      74
      79
      66
      70
      74
      87
      77
      63
      64
      64
      74
      65
      73
      74
      69
      68
      79
      72
      59
      71
      77
      57
      58
      63
      59
      71
      57
      54
      53
      67
      59
      58
      69
      54
      66
      85
      65
      65
      75
      69
      65
      58
      70
      53
      48
      54
      64
      70
      68
      61
      65
      69
      59
      53
      56
      56
      72
      59
      65
      65
      56
      68
      56
      73
      52
      58
      58
      65
      55
      56
      51
      52
      60
      70
      59
      62
      45
      60
      52
      56
      52
      64
      71
      49
      60
      57
      65
      40
      64
      54
      53
      62
      57
      48
      54
      62
      48
      54
      52
      44
      56
      60
      51
      64
      46
      50
      49
      55
      53
      53
      52
      71
      64
      42
      58
      51
      39
      56
      67
      54
      69
      32
      43
      58
      44
      58
      40
      57
      53
      56
      66
      48
      57
      66
      57
      50
      49
      49
      51
      57
      55
      46
      59
      54
      47
      54
      50
      61
      44
      51
      49
      66
      49
      46
      41
      49
      41
      50
      57
      62
      51
      60
      70
      53
      70
      51
      56
      60
      43
      59
      62
      51
      47
      54
      48
      71
      58
      60
      62
      71
      55
      55
      48
      68
      62
      51
      47
      47
      47
      54
      65
      54
      63
      63
      52
      50
      49
      39
      53
      59
      55
      50
      53
      58
      58
      56
      54
      60
      52
      47
      48
      53
      59
      71
      59
      42
      71
      51
      43
      40
      54
      41
      50
      57
      41
      47
      57
      61
      45
      51
      31
      61
      51
      43
      45
      44
      44
      41
      64
      39
      61
      42
      47
      39
      40
      45
      37
      46
      56
      33
      37
      48
      38
      43
      42
      31
      30
      36
      38
      30
      33
      24
      26
      29
      31
      31
      29
      29
      31
      22
      35
      25
      25
      26
      37
      23
      18
      16
      24
      20
      23
      24
      16
      24
      19
      20
      20
      26
      10
      18
      16
      21
      26
      21
      20
      20
      14
      18
      19
      14
      14
      16
      21
      16
      13
      16
      12
      16
      21
      17
       8
      13
      12
      10
       8
      10
      19
      16
      18
      18
      12
      16
      15
      13
       7
      13
      12
      13
      12
      10
      13
       8
      10
      18
      11
      10
      13
      11
      14
      17
      11
      11
      13
       9
       8
       9
       8
      13
      14
      14
       9
       9
      11
       4
       6
      10
       7
       7
      18
       6
       7
      12
      12
       4
       9
      11
      12
      10
       9
      14
       5
       4
      12
      15
      10
      12
       8
       4
       9
      13
       9
       7
       8
      12
      11
       8
      10
      14
       9
      16
      13
      14
       7
      11
      11
      15
      11
      13
       6
       5
       7
       8
      14
       8
       6
       5
      12
      13
      17
      17
      16
      13
      25
      15
      11
      14
      21
      21
      20
      16
      19
      31
      29
      29
      24
      23
      27
      31
      34
      37
      45
      45
      51
      42
      51
      49
      54
      55
      63
      79
      72
      75
      69
      97
      74
     104
     115
      97
     102
     122
     139
     164
     160
     146
     166
     185
     159
     151
     168
     172
     196
     203
     202
     221
     211
     240
     220
     239
     240
     276
     292
     285
     294
     250
     268
     302
     317
     275
     300
     323
     310
     330
     314
     288
     346
     305
     274
     306
     308
     285
     315
     298
     290
     308
     259
     284
     265
     280
     255
     273
     271
     245
     233
     229
     210
     204
     211
     204
     173
     181
     202
     172
     165
     142
     134
     136
     139
     122
     113
     107
      98
      86
      94
      85
      79
      67
      71
      68
      44
      41
      40
      40
      35
      44
      38
      25
      26
      20
      26
      20
      20
      24
      16
      15
      12
       8
      13
      19
       7
      12
      10
       9
       7
       5
       8
       5
       6
       5
       7
       3
       1
       4
       6
       4
       4
       3
       2
       2
       3
       2
       1
       4
       4
       1
       1
       3
       3
       6
       3
       5
       4
       4
       2
       1
       1
       3
       2
       1
       3
       0
       1
       5
       3
       2
       1
       3
       3
       5
       5
       2
       2
       3
       2
       1
       2
       4
       2
       1
       2
       4
       2
       3
       2
       2
       2
       3
       2
       4
       1
       1
       3
       5
       3
       4
       2
       2
       5
       3
       1
       1
       3
       3
       2
       3
       1
       2
       2
       2
       1
       3
       4
       2
       1
       4
       1
       0
       3
       5
       2
       1
       1
       1
       4
       4
       1
       0
       2
       1
       3
       2
       4
       2
       1
       3
       2
       2
       4
       2
       2
       3
       4
       2
       5
       1
       1
       4
       1
       0
       0
       0
       0
       0
       0
       0
       0
       0
       0
       0
       0
       0
       0
       0
       0
       0
       0
       0
       0
       0
       0
       0
       0
       0
       0
       0
       0
       0
       0
       0
       0
       0
       0
       0
       0
       0
       0
       0
       0
       0
       0
       0
       0
       0
       0
       0
       0
$ROI:
1
3 1022
$PRESETS:
Live Time
120
0
$ENER_FIT:
0.000000 0.000000
$MCA_CAL:
3
0.000000E+000 0.000000E+000 0.000000E+000 
$SHAPE_CAL:
3
0.000000E+000 0.000000E+000 0.000000E+000
