$SPEC_ID:
No sample description was entered.
$SPEC_REM:
DET# 19
DETDESC# WD011-04 Easy-MCA-8k SN 13260150
AP# Maestro Version 7.01
$DATE_MEA:
04/21/2017 18:46:32
$MEAS_TIM:
120 120
$DATA:
0 1023
       0
       0
       0
       0
       0
       0
       0
       1
       0
      18
      40
      56
      54
      60
      41
      50
      49
      41
      46
      41
      60
      49
      55
      56
      37
      57
      49
      40
      47
      52
      52
      51
      33
      52
      58
      45
      50
      48
      55
      51
      59
      66
      70
      66
      80
      66
      72
      77
      60
      57
      61
      65
      71
      63
      66
      75
      47
      65
      71
      64
      73
      50
      58
      62
      77
      58
      61
      68
      68
      60
      66
      75
      70
      73
      74
      90
      66
      75
     102
      94
      69
      75
      77
      94
     108
      93
      79
      91
     101
     108
      99
     101
     100
      85
     107
     106
     130
     116
     117
     124
     114
     135
     116
     107
     104
      85
     117
     124
     109
     122
     129
     124
     108
     120
     120
     114
     124
     115
     124
     128
     119
     114
     119
     117
      88
     121
     113
     119
     101
      86
     103
     119
     106
     123
      88
     114
      97
     123
     116
     107
     116
     106
     100
     112
     130
      94
      99
     103
     105
     134
     114
     117
      96
     138
     116
     115
     125
     108
     113
     133
     127
     117
      97
     102
     112
     109
     101
     122
      84
      93
     120
      92
      99
      91
     112
      91
     103
     107
      96
     107
      91
     120
     112
      92
     109
      85
      93
     119
     102
     108
     101
      98
      89
     117
      99
      88
      89
     103
     101
     102
     111
     108
      97
      97
      92
     110
      86
      87
      94
      86
      75
     102
      80
      92
      94
      78
      78
     102
      92
      89
     105
      86
      88
      89
      95
      85
      95
      92
      74
     102
      81
     100
      83
     119
      94
      81
      90
      91
     107
      84
      93
      79
     109
      93
      84
      89
      89
      75
      86
      97
      96
      75
      65
      90
      98
      83
      83
      88
      89
      88
      81
      75
      64
      89
      77
      75
      69
      80
      94
      92
      70
      80
      85
      93
      82
      64
      85
      83
      71
      74
      64
      78
      82
      77
      77
      92
      94
      83
      76
      83
      81
      65
      62
      59
      82
      77
      82
      66
      90
      77
      79
      73
      63
      60
      76
      77
      82
      54
      65
      81
      53
      76
      73
      75
      55
      64
      77
      67
      60
      70
      68
      76
      67
      56
      66
      56
      65
      58
      65
      68
      78
      60
      55
      71
      67
      66
      57
      54
      79
      50
      72
      64
      67
      58
      68
      62
      72
      59
      50
      71
      66
      60
      56
      55
      72
      50
      55
      71
      78
      67
      57
      68
      60
      70
      65
      58
      58
      56
      55
      72
      49
      61
      63
      49
      53
      52
      45
      49
      53
      52
      49
      61
      60
      54
      61
      63
      60
      48
      70
      51
      47
      53
      60
      60
      70
      69
      62
      40
      53
      52
      50
      54
      62
      56
      66
      40
      51
      56
      52
      52
      50
      55
      48
      50
      44
      45
      49
      62
      47
      49
      66
      58
      56
      55
      62
      55
      48
      62
      55
      56
      51
      47
      57
      43
      59
      58
      35
      57
      48
      62
      56
      46
      56
      44
      35
      56
      55
      54
      46
      48
      49
      53
      53
      51
      59
      52
      46
      56
      53
      42
      48
      42
      55
      44
      55
      42
      66
      55
      63
      49
      47
      53
      46
      56
      51
      57
      53
      58
      56
      54
      55
      48
      59
      49
      51
      49
      59
      46
      56
      51
      61
      48
      39
      28
      60
      58
      49
      52
      52
      54
      52
      58
      58
      66
      47
      59
      51
      54
      52
      60
      42
      62
      58
      73
      66
      58
      67
      57
      56
      51
      57
      53
      45
      47
      64
      56
      38
      55
      47
      54
      52
      63
      44
      43
      41
      48
      52
      39
      45
      39
      50
      41
      51
      38
      36
      41
      53
      34
      37
      43
      30
      35
      35
      40
      34
      38
      31
      44
      39
      35
      30
      30
      34
      30
      35
      20
      21
      28
      29
      34
      27
      20
      18
      27
      21
      20
      18
      15
      28
      24
      20
      17
      19
      22
      19
      16
      13
      18
      21
      22
      25
      14
      17
      21
      15
       9
      19
      16
      18
      20
      24
       6
      10
      17
      20
      11
      15
      17
      14
      21
      19
      15
      15
       9
      16
       7
      18
      13
      17
      16
      16
      14
      12
       7
      18
      11
      21
      10
       9
      16
       9
      10
      12
      13
       9
      10
      12
      12
       7
      13
       9
       8
      11
       7
       9
       9
       2
      14
       6
      12
      11
       6
      11
       9
      10
       7
       6
      10
       8
       9
      10
       7
       9
       8
       9
      10
       7
      12
      10
      11
       9
      11
      15
      12
      11
      11
       9
       2
       8
      17
      11
      11
      12
       9
       5
      10
      10
       5
      11
      11
      12
       9
      11
       8
      10
       7
       8
      10
      10
      14
      11
       9
       6
      10
       8
      21
      14
      14
      23
      13
      11
      14
      13
      13
      13
      24
      15
      16
      18
      23
      23
      22
      30
      27
      25
      22
      27
      46
      37
      48
      34
      42
      50
      56
      56
      64
      57
      71
      61
      71
      81
      80
      95
      90
      80
     105
     107
     128
     109
     134
     126
     156
     150
     158
     151
     160
     177
     186
     178
     176
     199
     190
     198
     198
     238
     247
     241
     255
     274
     233
     260
     233
     265
     276
     256
     268
     277
     282
     313
     302
     317
     295
     320
     285
     314
     338
     309
     307
     286
     314
     301
     316
     288
     244
     286
     280
     250
     281
     263
     246
     218
     213
     242
     208
     226
     188
     189
     188
     177
     173
     181
     148
     153
     145
     133
     119
     119
     103
     106
     112
      83
      90
      85
      76
      88
      74
      53
      51
      55
      51
      45
      31
      33
      36
      24
      25
      22
      27
      21
      22
       9
      21
       7
      14
      12
      12
      12
      10
       8
       8
       8
       9
       7
       5
       8
       4
       7
       8
       2
       2
       3
       4
       3
       1
       5
       2
       7
       4
       4
       3
       1
       2
       1
       3
       1
       1
       2
       1
       2
       3
       4
       1
       5
       1
       4
       0
       0
       5
       1
       3
       4
       3
       2
       3
       2
       2
       2
       0
       3
       2
       1
       4
       2
       5
       3
       0
       3
       5
       3
       4
       1
       2
       1
       1
       0
       6
       2
       1
       1
       5
       1
       3
       4
       1
       1
       3
       2
       5
       2
       3
       4
       1
       3
       2
       0
       3
       1
       4
       4
       3
       2
       3
       1
       3
       0
       0
       2
       1
       0
       2
       1
       3
       3
       0
       0
       0
       1
       1
       2
       1
       3
       1
       2
       1
       2
       0
       0
       2
       4
       1
       2
       1
       4
       0
       2
       2
       0
       0
       0
       0
       0
       0
       1
       0
       0
       0
       0
       0
       0
       0
       0
       0
       0
       0
       0
       0
       0
       0
       0
       0
       0
       0
       0
       0
       0
       0
       0
       0
       0
       0
       0
       0
       0
       0
       0
       0
       0
       0
       0
       0
       0
       0
       0
       0
$ROI:
1
3 1022
$PRESETS:
Live Time
120
0
$ENER_FIT:
0.000000 0.000000
$MCA_CAL:
3
0.000000E+000 0.000000E+000 0.000000E+000 
$SHAPE_CAL:
3
0.000000E+000 0.000000E+000 0.000000E+000
