$SPEC_ID:
No sample description was entered.
$SPEC_REM:
DET# 19
DETDESC# WD011-04 Easy-MCA-8k SN 13260150
AP# Maestro Version 7.01
$DATE_MEA:
04/21/2017 18:20:45
$MEAS_TIM:
120 120
$DATA:
0 1023
       0
       0
       0
       0
       0
       0
       0
       0
       0
      10
      51
      55
      44
      50
      27
      48
      46
      38
      40
      53
      42
      51
      50
      52
      47
      58
      47
      50
      54
      48
      56
      63
      40
      56
      45
      52
      56
      56
      44
      65
      74
      57
      66
      59
      76
      58
      76
      62
      76
      71
      56
      57
      45
      62
      52
      65
      69
      55
      67
      55
      64
      66
      76
      71
      66
      50
      64
      65
      52
      64
      67
      75
      82
      71
      75
      67
      83
      85
      75
      84
     101
      96
      77
     102
      87
      87
      74
      93
      85
     105
     111
     105
      95
     100
      95
     113
      96
     131
     123
     115
     112
     118
     104
     115
     105
     105
     108
      98
     101
     106
     103
     103
     118
     119
     123
     112
     106
     121
     118
     104
     118
     115
     119
     121
     116
     123
     120
     105
     120
     122
     100
     122
     112
     122
     125
     115
     118
     102
     116
     135
     102
     121
     107
     134
     125
     121
     121
     137
      97
     139
     110
     133
     105
     110
     117
      93
      97
     115
      98
     113
     102
     117
     108
     107
     120
     122
     117
     119
     102
     121
     107
     105
     109
      97
     116
      97
     103
      97
     108
     100
     118
     109
     107
     130
      88
      93
      99
      91
      98
      91
      96
      95
      87
      97
     102
      96
     102
     109
      81
      78
      90
     105
      89
      87
      96
      95
      87
     103
     100
      84
      84
      84
     101
      95
      82
      91
     111
      98
      79
     101
     101
      73
      87
     104
      74
      82
      95
      94
      92
     106
      96
     103
      91
      92
      81
     112
      93
      98
     112
     100
      89
     101
      78
     106
      93
      70
      90
      81
      80
      99
      98
      73
      93
      83
     107
      78
      74
      80
      83
      71
      69
      87
     100
      87
      79
      82
      99
      90
      77
      81
      80
      73
      81
      60
      72
      70
      70
      70
      68
      84
      76
      75
      77
      79
      79
      86
      68
      80
      72
      83
      72
      97
      84
      62
      70
      75
      70
      68
      72
      84
      69
      75
      63
      73
      76
      75
      80
      64
      58
      80
      71
      70
      67
      76
      57
      55
      62
      71
      70
      53
      76
      82
      60
      60
      67
      68
      77
      62
      58
      62
      54
      71
      73
      63
      70
      68
      67
      58
      65
      68
      74
      61
      50
      68
      66
      54
      71
      58
      63
      55
      67
      68
      69
      56
      58
      61
      54
      64
      51
      59
      66
      68
      53
      60
      62
      75
      48
      50
      59
      56
      49
      57
      64
      57
      52
      61
      54
      68
      50
      51
      65
      63
      60
      52
      49
      58
      56
      50
      49
      52
      55
      46
      55
      60
      52
      52
      49
      64
      53
      54
      50
      50
      48
      57
      65
      61
      58
      54
      56
      55
      56
      51
      64
      48
      42
      53
      65
      64
      67
      56
      55
      47
      38
      45
      72
      60
      51
      54
      55
      53
      47
      54
      65
      58
      50
      48
      44
      44
      57
      47
      55
      47
      64
      55
      49
      55
      51
      45
      49
      60
      48
      58
      51
      60
      51
      50
      46
      50
      54
      51
      57
      47
      45
      53
      48
      42
      45
      63
      55
      49
      47
      54
      55
      53
      51
      58
      52
      57
      53
      57
      53
      61
      47
      43
      38
      59
      59
      59
      35
      48
      70
      57
      53
      48
      57
      52
      54
      45
      64
      59
      52
      62
      46
      45
      52
      59
      47
      56
      53
      44
      51
      47
      49
      51
      68
      51
      56
      59
      48
      59
      58
      45
      59
      62
      61
      54
      57
      46
      51
      44
      46
      45
      49
      44
      49
      44
      63
      45
      43
      37
      45
      49
      44
      40
      44
      37
      53
      50
      41
      41
      48
      43
      39
      34
      42
      33
      33
      26
      30
      41
      30
      32
      33
      27
      29
      21
      22
      24
      33
      34
      21
      25
      20
      31
      22
      24
      18
      19
      23
      23
      22
      17
      21
      25
      22
      23
      15
      16
      19
      13
      13
      14
      19
      16
      18
      17
      16
      14
      14
      18
      15
      17
      17
      16
      14
      11
      15
      15
      10
      10
      16
      13
       8
       7
      12
      10
      10
      13
      14
      10
      15
      10
      14
       6
      13
      13
      10
      13
      13
      13
      11
       8
      13
       9
       6
      12
      15
      12
      10
       8
       6
       7
      11
      14
       8
      16
       9
       9
       8
      12
       8
       4
       9
      10
      13
      11
      10
       9
       8
       7
       8
       9
      11
      15
      10
       7
       6
       9
      13
       9
      11
       7
      17
       5
       7
      16
      11
       8
       9
      11
       4
       7
      10
      10
      10
       8
      13
       8
      13
       9
      14
       4
      12
       8
      10
      11
       8
      14
       9
      13
      13
       9
      15
      14
       4
       6
      15
      15
      14
      21
       9
      23
      15
      16
      19
      19
      19
      13
      16
      14
      22
      25
      24
      25
      32
      23
      34
      32
      39
      43
      34
      46
      43
      53
      58
      61
      65
      55
      73
      77
      79
      78
      72
      88
      88
      85
     102
     118
     104
     151
     123
     157
     147
     143
     158
     159
     172
     183
     177
     197
     203
     197
     205
     222
     229
     220
     269
     237
     286
     249
     255
     276
     295
     280
     306
     287
     285
     307
     288
     314
     320
     287
     308
     324
     302
     329
     271
     290
     298
     346
     318
     291
     306
     320
     289
     271
     289
     260
     236
     271
     243
     209
     201
     217
     191
     216
     176
     201
     195
     180
     167
     156
     144
     155
     137
     109
     123
     120
     118
     106
      86
      81
      74
      71
      71
      66
      65
      47
      59
      50
      53
      46
      35
      36
      35
      27
      25
      24
      32
      23
      28
      15
      19
      12
       8
      14
      12
       7
       8
      10
      13
      11
       5
      11
       3
       6
       9
      10
       6
       2
       3
       3
       3
       3
       1
       3
       3
       4
       3
       2
       1
       0
       5
       4
       1
       3
       0
       3
       2
       2
       2
       2
       3
       1
       3
       1
       3
       2
       5
       3
       0
       3
       1
       3
       2
       2
       1
       3
       2
       4
       2
       3
       1
       3
       3
       2
       2
       3
       2
       0
       1
       2
       4
       0
       0
       3
       1
       1
       2
       2
       1
       1
       3
       5
       2
       0
       0
       2
       2
       2
       0
       4
       3
       5
       2
       2
       1
       1
       3
       0
       2
       0
       0
       1
       1
       1
       1
       1
       0
       1
       3
       0
       1
       0
       3
       2
       2
       2
       1
       0
       3
       1
       2
       4
       2
       2
       0
       1
       2
       3
       3
       2
       0
       3
       2
       1
       0
       0
       0
       0
       0
       0
       0
       0
       0
       0
       0
       0
       0
       0
       0
       0
       0
       0
       0
       0
       0
       0
       0
       0
       0
       0
       0
       0
       0
       0
       0
       0
       0
       0
       0
       0
       0
       0
       0
       0
       0
       0
       0
       0
       0
       0
       0
       0
$ROI:
1
3 1022
$PRESETS:
Live Time
120
0
$ENER_FIT:
0.000000 0.000000
$MCA_CAL:
3
0.000000E+000 0.000000E+000 0.000000E+000 
$SHAPE_CAL:
3
0.000000E+000 0.000000E+000 0.000000E+000
