$SPEC_ID:
No sample description was entered.
$SPEC_REM:
DET# 19
DETDESC# WD011-04 Easy-MCA-8k SN 13260150
AP# Maestro Version 7.01
$DATE_MEA:
04/21/2017 18:34:49
$MEAS_TIM:
120 120
$DATA:
0 1023
       0
       0
       0
       0
       0
       0
       0
       0
       0
      14
      39
      41
      45
      53
      37
      48
      49
      39
      49
      48
      39
      59
      45
      51
      43
      48
      55
      43
      45
      53
      42
      61
      47
      45
      59
      49
      69
      60
      57
      64
      75
      61
     107
      80
      80
      72
      91
      66
      75
      66
      86
      58
      62
      83
      60
      65
      65
      67
      68
      51
      70
      69
      60
      73
      59
      64
      74
      75
      84
      80
      75
      76
      84
      68
      80
      78
      89
      90
      82
      84
      92
      87
      74
      87
      94
      95
      96
      97
     102
     104
      92
     105
      97
     102
     105
     106
     123
     127
     118
     104
     103
     121
     119
     123
     103
     120
     121
     110
     100
     141
     117
     118
     114
     123
     135
     102
     114
     114
      96
     130
     125
     113
     112
     102
     102
     115
     126
     108
     122
     112
     116
     121
     110
     116
     129
     109
     133
     115
     119
     106
     118
     106
     113
     126
     114
      96
     122
     104
     117
     111
     118
     122
     111
     115
     120
     108
     113
     112
     110
     109
     125
     113
     116
     117
      98
     106
     128
     120
     105
     117
     112
     102
     118
     100
      90
     111
     103
      98
     111
     100
     107
      94
      89
      95
     103
     102
     114
     110
     105
      72
     111
      85
      95
      90
      99
     108
      94
      97
      98
     105
     113
      98
      82
      95
      91
      71
     102
     107
      85
      91
     101
      82
     100
      89
      92
      96
      73
      67
      86
      89
     100
      90
      89
      89
     100
      92
      85
      86
     120
     112
      93
      96
      95
      79
     103
      96
      84
     102
      99
      95
      85
      81
      91
      93
     101
      69
      86
      98
      90
      99
      91
      83
      81
      81
      86
      70
      84
      87
      85
      84
      76
      86
      82
      88
      83
      54
      86
      70
      86
      81
      62
      74
      82
      90
      78
      85
      83
      85
      91
      85
      73
      70
      84
      72
      62
      81
      64
      63
      72
      69
      75
      72
      70
      65
      64
      64
      80
      69
      68
      75
      73
      69
      69
      62
      53
      76
      63
      65
      77
      60
      57
      54
      72
      66
      78
      63
      58
      64
      70
      68
      68
      72
      65
      82
      56
      70
      74
      59
      56
      71
      54
      60
      71
      67
      75
      57
      55
      56
      57
      66
      56
      71
      77
      66
      60
      55
      69
      59
      57
      60
      57
      66
      59
      51
      66
      44
      54
      67
      59
      51
      62
      54
      59
      51
      69
      55
      61
      67
      56
      63
      46
      43
      57
      64
      62
      46
      80
      61
      59
      56
      51
      62
      56
      60
      59
      55
      66
      57
      66
      42
      52
      52
      57
      59
      55
      58
      50
      53
      60
      52
      56
      56
      53
      58
      48
      53
      61
      57
      62
      50
      66
      53
      49
      57
      53
      54
      59
      59
      61
      60
      65
      57
      53
      55
      50
      53
      72
      55
      45
      59
      52
      41
      60
      48
      56
      51
      54
      58
      47
      62
      59
      58
      58
      45
      50
      61
      47
      57
      59
      54
      47
      45
      40
      58
      70
      66
      55
      50
      49
      47
      36
      48
      54
      50
      57
      53
      59
      54
      53
      50
      54
      61
      49
      62
      53
      65
      50
      81
      54
      56
      62
      62
      46
      53
      52
      54
      50
      78
      58
      54
      59
      41
      69
      46
      61
      56
      56
      51
      64
      62
      48
      49
      45
      51
      67
      49
      63
      66
      65
      47
      54
      57
      73
      56
      49
      68
      44
      46
      54
      59
      57
      48
      52
      65
      63
      57
      48
      56
      52
      61
      41
      47
      49
      54
      42
      48
      42
      40
      47
      41
      43
      51
      62
      42
      45
      39
      38
      50
      33
      46
      37
      52
      31
      44
      42
      30
      29
      21
      41
      26
      32
      31
      29
      30
      20
      35
      26
      26
      32
      31
      35
      26
      18
      22
      19
      23
      18
      21
      21
      25
      29
      24
      19
      23
      23
      18
      22
      14
      16
      27
      16
      21
      25
      22
      15
      15
      14
      14
      19
      18
      17
      21
      14
      17
      16
      16
      11
      19
       9
      14
      10
      16
      14
      14
      14
      17
      15
       8
      13
      18
      12
      20
      16
      10
      11
      14
      13
      16
      10
      13
      14
      16
      11
      12
      18
       9
       9
       9
       8
      13
      15
       6
      11
      12
       9
      11
      12
      11
      10
       8
       7
       4
       8
      10
      11
       7
      14
       8
       9
       6
      12
       4
       8
       7
      11
       4
       5
      14
      15
       4
       8
       9
       8
      10
       4
      12
      16
      12
      12
       7
      13
       9
       8
       7
       8
      10
       8
      12
       3
      10
       5
      11
      11
       8
       8
       6
       9
      11
      14
      12
      16
       9
       6
      13
       8
      19
      12
      12
      13
      12
      11
      10
      16
       9
      13
      14
      22
      14
      21
      25
      28
      19
      26
      25
      23
      33
      33
      29
      33
      38
      39
      53
      47
      63
      52
      52
      51
      67
      76
      68
      78
      81
      69
      99
      94
     110
      98
     114
     107
     146
     147
     144
     154
     165
     158
     177
     178
     197
     171
     201
     205
     223
     217
     223
     203
     236
     273
     266
     255
     301
     298
     285
     251
     258
     288
     271
     293
     307
     315
     308
     312
     336
     281
     294
     328
     330
     303
     302
     310
     313
     285
     307
     275
     300
     272
     293
     280
     282
     267
     257
     242
     230
     205
     234
     197
     239
     183
     205
     208
     165
     165
     156
     154
     135
     131
     115
     122
     120
     129
      98
     105
      90
      78
      70
      83
      61
      75
      59
      59
      51
      47
      50
      34
      37
      33
      30
      35
      25
      21
      16
      23
      18
      13
      25
      14
      10
      11
      11
       2
       3
       4
      11
       7
       5
       5
       5
       2
       6
       6
       2
       7
       2
       3
       4
       9
       1
       0
       1
       3
       3
       3
       5
       0
       3
       3
       1
       2
       4
       2
       2
       2
       6
       4
       1
       3
       1
       3
       1
       7
       2
       1
       2
       2
       4
       0
       3
       3
       3
       1
       2
       4
       2
       2
       4
       3
       1
       1
       2
       5
       0
       3
       1
       4
       1
       4
       3
       3
       2
       1
       2
       1
       1
       1
       1
       3
       4
       3
       0
       1
       1
       3
       2
       4
       1
       1
       4
       1
       3
       3
       1
       3
       4
       2
       2
       0
       4
       1
       1
       4
       2
       3
       2
       2
       2
       1
       2
       3
       0
       1
       2
       2
       2
       0
       0
       0
       2
       0
       4
       0
       2
       0
       1
       1
       1
       3
       0
       0
       0
       0
       0
       0
       0
       0
       0
       0
       0
       0
       0
       0
       0
       0
       0
       0
       0
       0
       0
       0
       0
       0
       0
       0
       0
       0
       0
       0
       0
       0
       0
       0
       0
       0
       0
       0
       0
       0
       0
       0
       0
       0
       0
       0
       0
       0
       0
$ROI:
1
3 1022
$PRESETS:
Live Time
120
0
$ENER_FIT:
0.000000 0.000000
$MCA_CAL:
3
0.000000E+000 0.000000E+000 0.000000E+000 
$SHAPE_CAL:
3
0.000000E+000 0.000000E+000 0.000000E+000
