$SPEC_ID:
No sample description was entered.
$SPEC_REM:
DET# 19
DETDESC# WD011-04 Easy-MCA-8k SN 13260150
AP# Maestro Version 7.01
$DATE_MEA:
04/21/2017 18:51:57
$MEAS_TIM:
120 120
$DATA:
0 1023
       0
       0
       0
       0
       0
       0
       0
       0
       0
      11
      41
      40
      37
      37
      40
      36
      41
      32
      32
      44
      43
      45
      41
      41
      42
      34
      45
      39
      34
      36
      33
      34
      51
      42
      34
      29
      37
      49
      53
      54
      50
      52
      53
      49
      65
      48
      66
      57
      53
      53
      51
      55
      54
      46
      59
      58
      52
      55
      58
      63
      42
      61
      52
      42
      58
      43
      76
      44
      64
      58
      84
      67
      47
      61
      69
      83
      70
      55
      80
      87
      87
      63
      83
      73
      87
      86
      72
      85
      83
      87
      87
      74
      74
      88
      90
     106
      96
     101
      94
      97
      80
     107
      90
      89
      95
      94
     106
     108
      76
      93
      89
     104
     100
     117
      96
     126
     111
     111
      97
      95
     105
      90
      97
      99
      99
     107
      99
     100
     111
     113
      95
     112
      99
     104
     107
     113
      98
      95
      96
      96
     114
     101
      94
     105
     102
     101
      91
     122
     109
      91
      98
      89
      98
     101
     107
      89
     101
      99
     109
     104
     114
      98
      98
      93
      81
      98
     112
      90
     105
      97
      89
      84
      78
      97
      81
      96
      86
      97
      89
      72
      88
      94
      83
      87
      91
      76
      75
      92
     111
     101
      90
      90
      77
      82
      77
      87
      74
      78
      78
      93
      93
      92
      85
      72
      91
     102
      69
      95
      82
      82
      91
      68
      84
      83
      71
      81
      88
      69
      82
      69
      77
      77
      79
      71
      59
      73
      66
      80
      85
      68
      84
      71
      86
      80
      72
      93
      71
      77
      78
      83
      67
      79
      73
      59
      72
      75
      75
      95
      75
      78
      79
      81
      67
      78
      87
      80
      76
      77
      58
      63
      60
      72
      83
      59
      71
      69
      73
      78
      69
      76
      68
      62
      72
      67
      65
      69
      65
      76
      68
      73
      67
      68
      60
      64
      59
      57
      64
      54
      62
      63
      59
      65
      73
      48
      80
      54
      63
      72
      56
      55
      78
      47
      56
      48
      47
      60
      71
      62
      53
      73
      47
      58
      52
      68
      51
      42
      66
      50
      48
      44
      53
      59
      63
      50
      50
      51
      57
      40
      54
      49
      55
      52
      46
      42
      49
      49
      62
      49
      45
      44
      59
      54
      56
      40
      46
      46
      51
      55
      53
      63
      60
      41
      52
      51
      68
      62
      46
      43
      50
      46
      45
      50
      38
      44
      57
      25
      35
      45
      59
      43
      57
      41
      45
      47
      38
      34
      42
      50
      49
      48
      55
      46
      34
      47
      46
      39
      40
      42
      41
      46
      54
      44
      54
      50
      52
      47
      46
      31
      48
      40
      37
      50
      36
      43
      30
      42
      38
      35
      46
      38
      37
      41
      49
      40
      52
      42
      47
      39
      43
      41
      44
      42
      42
      51
      31
      35
      33
      40
      36
      50
      30
      43
      33
      42
      39
      34
      34
      34
      32
      39
      49
      39
      39
      41
      44
      43
      41
      43
      41
      33
      28
      36
      42
      42
      36
      29
      38
      40
      49
      40
      47
      36
      48
      35
      33
      32
      42
      37
      37
      47
      31
      32
      40
      34
      33
      38
      44
      36
      38
      42
      39
      46
      34
      47
      39
      44
      40
      41
      30
      28
      34
      32
      42
      43
      46
      34
      40
      49
      41
      37
      38
      40
      35
      39
      34
      41
      35
      50
      37
      43
      41
      33
      39
      63
      40
      39
      36
      37
      40
      50
      35
      33
      50
      23
      37
      45
      35
      23
      50
      35
      38
      39
      29
      36
      39
      35
      43
      31
      31
      32
      40
      27
      27
      29
      33
      32
      29
      23
      21
      28
      25
      18
      22
      32
      19
      34
      29
      21
      15
      23
      24
      20
      22
      35
      22
      28
      19
      16
      21
      19
      23
      25
      10
      13
      23
      17
      19
      10
      18
      13
      13
      17
      15
      14
      14
      12
      14
      15
      12
      11
      13
       8
      17
       9
      11
       7
      12
      15
      11
      13
       9
      15
      10
       8
      14
      14
      12
       8
      15
      17
       8
      10
       9
      16
       8
      11
      13
       7
      13
       7
       8
      12
      16
       9
      11
      11
       4
       7
      10
       9
      14
       7
       8
       9
       4
       5
       6
       6
      11
      10
       2
       5
       8
       8
      10
       6
       3
      10
      10
       5
       6
      11
       7
       7
       8
       8
       8
      10
       9
       5
      14
       8
       4
       7
       6
       3
       3
       7
       3
      11
       6
      15
       8
      10
      12
       7
       5
       8
       6
      13
      12
       7
       9
       7
      15
      10
      13
       8
      11
       5
      12
       6
       8
       7
       7
       5
       7
       9
       6
      10
       4
       9
       7
      14
      12
       9
      15
      10
      21
      10
      17
      10
      12
      10
      11
      22
      14
      21
      19
      18
      25
      22
      21
      19
      22
      26
      24
      33
      32
      38
      23
      39
      39
      30
      48
      47
      42
      52
      40
      43
      54
      71
      63
      76
      81
      77
      85
      81
      79
     103
      93
      88
     112
     111
     126
     140
     118
     134
     151
     144
     151
     156
     140
     172
     156
     169
     152
     171
     182
     196
     198
     215
     200
     208
     213
     222
     239
     200
     205
     240
     226
     230
     214
     229
     225
     218
     210
     194
     225
     218
     212
     206
     186
     221
     231
     209
     193
     188
     184
     191
     165
     129
     168
     158
     175
     146
     141
     124
     136
     138
     128
     111
     113
     117
     102
     111
      87
      87
      62
      60
      75
      64
      49
      59
      44
      60
      45
      49
      33
      34
      37
      35
      20
      28
      34
      22
      26
      25
      13
      11
      14
      12
      18
       9
       8
      15
      12
       9
       9
       7
       4
       5
       4
       3
       5
       1
       4
       3
       3
       3
       2
       2
       3
       3
       3
       3
       5
       4
       4
       3
       0
       3
       3
       2
       3
       7
       1
       1
       2
       1
       3
       0
       1
       3
       5
       3
       0
       3
       0
       2
       3
       1
       1
       2
       2
       2
       1
       1
       2
       0
       1
       0
       2
       1
       1
       1
       1
       1
       2
       5
       2
       2
       2
       0
       5
       1
       1
       2
       1
       0
       3
       1
       3
       4
       3
       0
       1
       0
       2
       4
       3
       1
       4
       3
       6
       3
       3
       0
       2
       1
       1
       0
       1
       3
       1
       4
       2
       5
       4
       2
       3
       3
       6
       3
       1
       1
       2
       2
       2
       5
       1
       1
       1
       3
       2
       2
       1
       4
       2
       2
       2
       3
       1
       0
       3
       0
       0
       0
       0
       0
       0
       0
       0
       0
       0
       0
       0
       0
       0
       0
       0
       0
       0
       0
       0
       0
       0
       0
       0
       0
       0
       0
       0
       0
       0
       0
       0
       0
       0
       0
       0
       0
       0
       0
       0
       0
       0
       0
       0
       0
       0
       0
       0
       0
$ROI:
1
3 1022
$PRESETS:
Live Time
120
0
$ENER_FIT:
0.000000 0.000000
$MCA_CAL:
3
0.000000E+000 0.000000E+000 0.000000E+000 
$SHAPE_CAL:
3
0.000000E+000 0.000000E+000 0.000000E+000
