$SPEC_ID:
No sample description was entered.
$SPEC_REM:
DET# 19
DETDESC# WD011-04 Easy-MCA-8k SN 13260150
AP# Maestro Version 7.01
$DATE_MEA:
04/21/2017 16:08:06
$MEAS_TIM:
240 240
$DATA:
0 1023
       0
       0
       0
       0
       0
       0
       0
       0
       0
      24
     103
      83
      99
     103
     104
      85
      91
      86
      85
      87
      87
     103
      95
      97
      97
     102
     108
     106
     123
      88
      98
     111
     118
      93
      89
     107
     112
     108
     120
     129
     124
     114
     134
     143
     167
     143
     167
     144
     163
     145
     136
     128
     130
     120
     140
     142
     134
     150
     144
     137
     126
     138
     120
     129
     149
     147
     163
     166
     146
     132
     150
     151
     142
     156
     164
     146
     154
     179
     172
     167
     174
     191
     146
     194
     211
     162
     218
     197
     195
     188
     189
     211
     219
     246
     233
     245
     212
     227
     243
     239
     258
     232
     232
     259
     233
     252
     243
     239
     229
     242
     224
     247
     242
     251
     239
     268
     259
     270
     259
     265
     225
     261
     232
     274
     278
     258
     246
     248
     235
     255
     251
     233
     247
     228
     270
     198
     257
     261
     234
     248
     249
     250
     224
     247
     246
     261
     243
     244
     247
     265
     236
     268
     231
     254
     245
     238
     243
     237
     228
     257
     226
     208
     242
     241
     242
     227
     203
     223
     222
     226
     245
     256
     233
     230
     216
     221
     183
     213
     226
     201
     230
     238
     205
     224
     217
     206
     202
     192
     214
     215
     204
     239
     220
     190
     217
     216
     207
     212
     212
     187
     178
     205
     200
     195
     194
     206
     180
     215
     183
     168
     187
     185
     184
     223
     215
     172
     199
     208
     187
     207
     202
     197
     190
     180
     190
     183
     195
     207
     197
     184
     211
     192
     214
     193
     188
     198
     192
     189
     192
     204
     188
     179
     188
     212
     198
     174
     173
     186
     177
     193
     215
     188
     177
     191
     188
     200
     174
     168
     159
     173
     192
     165
     175
     154
     171
     154
     160
     161
     176
     179
     155
     174
     154
     138
     155
     157
     173
     129
     166
     174
     162
     151
     150
     171
     148
     155
     157
     149
     145
     153
     163
     150
     170
     146
     157
     135
     130
     135
     156
     121
     157
     163
     146
     131
     144
     158
     140
     147
     138
     129
     165
     126
     138
     128
     132
     105
     143
     142
     106
     128
     139
     103
     144
     124
     118
     130
     131
     141
     114
     134
     116
     135
     146
     130
     128
     133
     125
     126
     135
     132
     129
     135
     134
     124
     114
     118
     130
     131
     125
     112
     126
     130
     102
     138
     100
     131
     110
     119
     104
     118
     110
     133
     122
     130
     126
     113
     130
     151
     131
     131
     108
     122
     117
     135
     120
      93
     128
     116
     109
     119
     127
     110
     108
     116
     125
     113
     117
     103
     132
     120
     117
     105
     116
     120
     109
     105
     114
     102
     111
     105
     133
     114
     110
     120
     140
     106
     120
      90
     102
      97
     118
      92
      99
     116
     128
     109
     111
     118
     121
     107
     106
     108
     119
     107
     105
      97
     120
     127
      89
     138
     118
     109
     111
     111
     116
     115
     109
     120
     106
     127
     100
     101
     112
     120
      94
     110
      96
     111
     101
     103
     104
      98
     129
      90
     133
     106
     106
     105
     113
     104
      98
     111
     111
      99
     122
     108
      95
     103
     138
     103
     123
      95
      92
      95
     119
      99
     115
     102
     113
     122
     119
     123
     109
     118
     120
     111
      95
     138
     122
     114
     124
     115
     117
     103
     105
     132
     105
     117
     109
     112
     114
     126
     134
     114
     101
     116
     118
      94
     103
     124
     111
     111
      96
     110
     110
     106
     112
     112
     101
     108
     105
     100
     108
     105
     107
     122
     104
      94
      90
      92
      98
      90
      84
      96
     114
      86
      94
     112
      89
      82
      86
      92
      93
      87
      78
     100
      81
      69
      83
      90
      73
      73
      68
      71
      65
      55
      62
      71
      58
      59
      56
      64
      61
      43
      58
      48
      50
      58
      46
      54
      56
      36
      46
      40
      54
      44
      44
      54
      46
      38
      44
      47
      43
      29
      45
      43
      40
      58
      36
      29
      30
      33
      39
      46
      37
      33
      32
      19
      36
      31
      28
      28
      25
      37
      30
      24
      34
      32
      23
      24
      24
      26
      33
      29
      23
      27
      35
      24
      27
      18
      22
      23
      21
      21
      23
      22
      17
      21
      30
      17
      28
      24
      19
      26
      23
      30
      23
      17
      25
      20
      21
      19
      21
      24
      21
      24
      26
      15
      20
      15
      24
      15
      13
      14
      20
      24
      15
      21
      26
      19
      17
      26
      16
      18
      24
      18
      21
      26
      17
      24
      10
      15
      18
      15
      21
      20
      19
      17
      23
      25
      19
      20
      15
      24
      16
      24
      22
      26
      12
      25
      19
      14
      24
      27
      20
      29
      20
      27
      37
      29
      27
      43
      26
      21
      23
      27
      40
      31
      52
      47
      42
      29
      51
      52
      45
      51
      56
      61
      73
      55
      77
      84
      98
      60
     113
     117
     105
     110
     112
     114
     134
     140
     160
     151
     178
     170
     195
     191
     233
     236
     230
     273
     271
     275
     282
     305
     346
     331
     322
     366
     374
     393
     414
     437
     423
     434
     463
     475
     510
     522
     539
     527
     536
     566
     594
     580
     580
     622
     654
     592
     608
     622
     606
     629
     664
     639
     642
     641
     656
     612
     623
     659
     689
     652
     600
     628
     628
     550
     572
     552
     540
     564
     511
     521
     513
     513
     456
     465
     429
     417
     441
     402
     367
     334
     316
     318
     297
     297
     257
     243
     226
     220
     178
     202
     199
     203
     150
     134
     139
     134
     125
     106
      98
      86
      86
      91
      81
      69
      81
      69
      50
      42
      46
      40
      36
      33
      28
      25
      28
      27
      27
      17
      20
      21
      19
      13
      18
      13
      10
      14
      10
      11
       8
      10
      12
       5
       7
       7
       6
       9
      11
       6
       4
       8
       8
       3
       5
       3
       1
       2
       7
       7
       3
       5
       3
       0
       1
       5
       9
       6
       3
       6
       7
       7
       4
       2
       7
       3
       7
       4
       3
       3
      10
       4
       4
       5
       4
       4
       4
       5
       1
       9
       7
       7
       3
       2
       6
       3
       4
       4
       6
       3
      10
      10
       4
       5
       5
       3
       3
       9
       6
       8
       5
       6
       8
       5
       5
       6
       6
       5
       2
       3
       5
       2
       6
       5
       4
       4
       5
       4
       1
       4
       4
       5
       2
       3
       4
       2
       6
       7
       5
       4
       5
       9
       4
       3
       8
       6
       3
       5
       3
       5
       5
       4
       2
       5
       5
       4
       4
       3
       5
       1
       3
       8
       2
       0
       0
       0
       0
       0
       0
       0
       0
       0
       0
       0
       0
       0
       0
       0
       0
       0
       0
       0
       0
       0
       0
       0
       0
       0
       0
       0
       0
       0
       0
       0
       0
       0
       0
       0
       0
       0
       0
       0
       0
       0
       0
       0
       0
       0
       0
       0
       0
       0
$ROI:
1
3 1022
$PRESETS:
Live Time
240
0
$ENER_FIT:
0.000000 0.000000
$MCA_CAL:
3
0.000000E+000 0.000000E+000 0.000000E+000 
$SHAPE_CAL:
3
0.000000E+000 0.000000E+000 0.000000E+000
