$SPEC_ID:
No sample description was entered.
$SPEC_REM:
DET# 19
DETDESC# WD011-04 Easy-MCA-8k SN 13260150
AP# Maestro Version 7.01
$DATE_MEA:
04/21/2017 17:07:15
$MEAS_TIM:
240 240
$DATA:
0 1023
       0
       0
       0
       0
       0
       0
       0
       0
       0
      17
     106
      94
     119
      91
      98
      98
     124
      94
     110
     111
     116
     124
     108
     117
     107
     128
     110
      99
     125
     113
     125
     120
     113
     127
     127
     113
     133
     121
     123
     159
     142
     145
     149
     139
     156
     184
     140
     149
     142
     148
     134
     141
     167
     154
     148
     149
     145
     139
     158
     152
     152
     153
     132
     178
     158
     165
     166
     146
     147
     155
     194
     168
     165
     184
     169
     137
     169
     156
     165
     182
     188
     187
     201
     203
     188
     208
     214
     207
     211
     225
     231
     231
     223
     245
     247
     260
     250
     253
     236
     242
     249
     244
     281
     253
     235
     269
     270
     269
     240
     263
     264
     260
     235
     279
     256
     253
     273
     282
     290
     271
     267
     245
     280
     259
     275
     264
     244
     250
     242
     294
     269
     245
     264
     277
     277
     266
     249
     281
     239
     295
     241
     249
     254
     266
     237
     259
     265
     277
     268
     254
     262
     262
     223
     255
     264
     269
     253
     251
     265
     232
     279
     272
     267
     279
     247
     256
     271
     246
     239
     242
     268
     241
     294
     245
     268
     224
     255
     251
     217
     234
     251
     255
     248
     240
     231
     234
     238
     240
     227
     249
     243
     236
     244
     237
     257
     232
     237
     223
     228
     264
     205
     255
     205
     208
     240
     216
     230
     223
     215
     224
     203
     202
     213
     193
     193
     206
     211
     227
     214
     224
     218
     208
     218
     182
     216
     215
     209
     236
     207
     208
     199
     232
     209
     214
     225
     202
     209
     210
     227
     188
     218
     221
     232
     196
     198
     235
     221
     219
     214
     224
     215
     201
     199
     168
     185
     206
     197
     188
     187
     206
     211
     209
     194
     226
     212
     171
     188
     172
     197
     177
     181
     177
     194
     180
     174
     189
     187
     191
     170
     170
     197
     165
     162
     184
     173
     181
     141
     191
     145
     194
     165
     181
     176
     194
     170
     171
     183
     153
     199
     163
     161
     168
     170
     151
     181
     157
     124
     175
     153
     141
     147
     146
     152
     162
     154
     170
     127
     160
     168
     146
     173
     145
     146
     152
     151
     162
     146
     159
     140
     153
     130
     146
     161
     160
     150
     126
     154
     172
     143
     142
     152
     143
     130
     137
     172
     139
     123
     128
     121
     147
     151
     160
     124
     143
     167
     140
     135
     134
     139
     140
     126
     142
     136
     136
     141
     134
     139
     141
     128
     134
     125
     133
     138
     133
     137
     147
     146
     135
     150
     132
     132
     124
     118
     109
     127
     160
     145
     151
     126
     130
     124
     146
     136
     141
     146
     146
     121
     128
     106
     130
     137
     127
     139
     131
     138
     132
     134
     110
     145
     154
     145
     150
     152
     124
     160
     129
     119
     136
     116
     131
     118
     147
     122
     141
     118
     128
     120
     124
     118
     114
     113
     129
     120
     127
     132
     127
     149
     137
     142
     141
     128
     116
     129
     132
     125
     102
     136
     119
     141
     135
     111
     131
     125
     125
     115
     131
     121
     123
     126
     118
     112
     137
     123
     118
     132
     122
     109
     125
     118
     120
     136
     120
     112
     114
     127
     122
     128
     113
     119
     128
     126
     122
     137
     132
     126
     119
     131
     131
     147
     103
     147
     141
     131
     114
     133
     143
     124
     129
     157
     123
     124
     152
     104
     121
     140
     112
     123
     131
     130
     135
     132
     127
     111
     129
     123
     130
     128
     122
     124
     132
     103
     121
     134
     123
     110
     129
     119
     122
     101
     121
     127
     139
     121
     111
     113
     109
     102
     101
     126
     123
     108
     104
     103
     110
      82
     107
      81
     103
     100
      94
      98
      89
      86
      65
      62
      84
      80
      62
      79
      69
      75
      73
      76
      72
      60
      63
      53
      45
      69
      66
      57
      59
      51
      64
      47
      42
      40
      54
      48
      40
      55
      50
      48
      36
      50
      50
      40
      38
      37
      52
      38
      45
      33
      43
      40
      42
      35
      34
      28
      42
      36
      31
      37
      34
      34
      38
      32
      33
      26
      36
      38
      38
      36
      30
      26
      29
      21
      33
      29
      28
      36
      28
      30
      21
      26
      25
      33
      25
      21
      25
      31
      19
      25
      36
      23
      24
      19
      24
      29
      18
      16
      26
      15
      31
      19
      23
      27
      27
      32
      27
      24
      23
      16
      19
      22
      16
      17
      22
      27
      18
      23
      16
      14
      20
      22
      31
      19
      17
      21
      23
      12
      19
      18
      18
      15
      29
      28
      28
      20
      24
      32
      12
      25
      20
      23
      40
      26
      22
      30
      17
      27
      23
      20
      18
      26
      20
      28
      19
      12
      29
      30
      24
      31
      31
      30
      33
      28
      34
      35
      41
      45
      26
      40
      37
      37
      52
      45
      62
      49
      70
      59
      67
      75
      85
      86
      77
      82
      99
      96
     112
     121
     125
     124
     146
     162
     122
     171
     176
     198
     183
     212
     225
     226
     261
     250
     298
     282
     300
     303
     320
     344
     390
     408
     374
     415
     397
     463
     458
     472
     526
     537
     541
     545
     562
     560
     523
     570
     592
     645
     637
     688
     674
     632
     670
     645
     701
     696
     705
     760
     735
     789
     716
     721
     755
     710
     682
     691
     677
     676
     660
     643
     676
     630
     589
     604
     626
     583
     578
     517
     500
     555
     531
     474
     488
     447
     411
     447
     370
     365
     372
     352
     301
     330
     287
     258
     231
     244
     228
     201
     210
     176
     181
     143
     149
     160
     133
     127
     119
      81
      99
      86
      78
      59
      54
      56
      54
      51
      43
      36
      35
      35
      33
      33
      31
      16
      15
      15
      15
      19
      13
      11
       9
      13
       4
      10
       6
       7
      10
       7
      13
       7
       4
       5
       9
       7
       4
       6
       5
       4
       7
       1
       2
       7
       7
       7
       5
       2
       3
       5
       4
       3
       1
       5
       5
       4
       5
       5
       2
       5
       5
       6
       4
       4
       7
       5
       3
       2
       4
       9
       5
       6
       3
       6
       6
       7
       3
       4
       3
       3
       2
       1
       6
       5
       7
       5
       6
       4
       3
       8
       2
       4
       4
       4
       6
       1
       4
       2
       1
       4
       4
       4
       5
       0
       3
       2
       4
       1
       4
       5
       4
       3
       4
      12
       6
       2
       3
       5
       1
       7
       5
       3
       4
       1
       1
       2
       2
       8
       4
       3
       3
       3
       3
       2
       1
       2
       9
       3
       3
       3
       4
       4
       5
       7
       4
       4
       0
       0
       0
       0
       0
       0
       0
       0
       0
       0
       0
       0
       0
       0
       0
       0
       0
       0
       0
       0
       0
       0
       0
       0
       0
       0
       0
       0
       0
       0
       0
       0
       0
       0
       0
       0
       0
       0
       0
       0
       0
       0
       0
       0
       0
       0
       0
       0
       0
$ROI:
1
3 1022
$PRESETS:
Live Time
240
0
$ENER_FIT:
0.000000 0.000000
$MCA_CAL:
3
0.000000E+000 0.000000E+000 0.000000E+000 
$SHAPE_CAL:
3
0.000000E+000 0.000000E+000 0.000000E+000
