$SPEC_ID:
No sample description was entered.
$SPEC_REM:
DET# 19
DETDESC# WD011-04 Easy-MCA-8k SN 13260150
AP# Maestro Version 7.01
$DATE_MEA:
04/21/2017 17:01:47
$MEAS_TIM:
240 240
$DATA:
0 1023
       0
       0
       0
       0
       0
       0
       0
       0
       0
      29
     132
     103
     122
      86
     104
      92
     119
      97
     102
     125
     118
     108
     115
     107
     122
     103
     117
     116
     122
     137
     123
     139
     118
     114
     109
     119
     126
     122
     132
     140
     162
     217
     216
     179
     169
     222
     177
     174
     148
     149
     129
     162
     154
     142
     155
     145
     161
     137
     131
     148
     135
     142
     146
     164
     164
     154
     172
     140
     164
     182
     158
     164
     168
     159
     186
     194
     187
     195
     214
     183
     186
     191
     219
     201
     212
     213
     206
     198
     192
     212
     255
     250
     232
     230
     221
     262
     219
     227
     252
     266
     245
     269
     249
     253
     270
     258
     277
     256
     253
     254
     265
     287
     275
     260
     262
     263
     270
     313
     263
     255
     267
     273
     243
     290
     280
     272
     291
     257
     252
     261
     253
     265
     262
     302
     282
     237
     269
     274
     259
     278
     282
     259
     266
     253
     256
     259
     273
     294
     249
     275
     265
     247
     273
     248
     256
     259
     272
     240
     245
     253
     268
     267
     248
     243
     227
     252
     249
     274
     247
     245
     266
     246
     233
     223
     225
     208
     240
     211
     246
     236
     241
     256
     214
     235
     248
     244
     237
     230
     238
     253
     225
     220
     234
     214
     211
     230
     219
     232
     226
     204
     204
     205
     232
     229
     188
     209
     228
     234
     214
     208
     221
     211
     233
     201
     218
     195
     198
     233
     217
     220
     225
     221
     184
     176
     249
     210
     207
     223
     235
     201
     228
     208
     182
     190
     206
     199
     213
     202
     219
     196
     227
     231
     225
     204
     211
     217
     192
     203
     174
     205
     191
     201
     228
     217
     184
     193
     168
     202
     189
     212
     209
     203
     188
     174
     209
     180
     172
     181
     192
     196
     164
     166
     185
     202
     180
     186
     193
     144
     195
     165
     164
     180
     189
     180
     185
     170
     161
     172
     151
     175
     181
     174
     176
     176
     172
     168
     138
     148
     180
     169
     156
     174
     130
     156
     161
     135
     157
     140
     164
     188
     152
     146
     171
     171
     147
     163
     152
     138
     160
     175
     162
     149
     148
     140
     145
     147
     164
     147
     154
     144
     129
     170
     156
     152
     150
     147
     121
     137
     159
     153
     139
     155
     146
     164
     163
     149
     150
     137
     137
     115
     133
     135
     141
     115
     123
     143
     144
     137
     143
     120
     140
     134
     132
     121
     136
     161
     139
     161
     134
     148
     126
     142
     155
     122
     132
     153
     119
     133
     130
     141
     129
     134
     131
     144
     117
     142
     136
     151
     133
     116
     134
     151
     132
     133
     133
     115
     153
     125
     138
     140
     125
     141
     119
     112
     111
     131
     108
     123
     131
     116
     139
     126
     140
     132
     118
     131
     134
     131
     144
     145
     130
     135
     141
     135
     140
     129
     145
     119
     135
     130
     135
     136
     127
     132
     104
     124
     108
     144
     116
     133
     139
     125
     131
     128
     147
     132
     130
     136
     114
     118
     124
     122
     132
     129
     128
     117
     117
     112
     125
     111
     122
     133
     117
     139
     121
     124
     113
     123
     112
     117
     100
     106
     119
     126
     127
     146
     113
     125
     112
     127
     114
     137
     141
     120
     130
     116
     115
     119
     121
     103
     113
     117
     142
     141
     120
     139
     129
     130
     130
     117
     121
     148
     127
     132
     145
     145
     142
     136
     129
     138
     111
     115
     131
     110
     111
     138
     128
     118
     132
     118
     115
     148
     121
     129
     122
     117
     104
     122
     133
     141
     121
     112
     104
     105
     104
     111
     107
     120
     122
     117
     104
      92
     112
     110
     101
     103
      98
      99
     106
      79
      84
      72
      95
      75
      79
      87
      58
      72
      59
      68
      74
      59
      59
      74
      70
      56
      72
      51
      59
      64
      62
      55
      46
      56
      55
      61
      54
      44
      50
      43
      43
      50
      42
      46
      40
      44
      45
      41
      36
      42
      48
      45
      45
      30
      39
      36
      40
      48
      41
      33
      31
      32
      27
      33
      28
      40
      30
      39
      34
      38
      37
      26
      25
      29
      41
      24
      26
      37
      24
      27
      19
      29
      32
      22
      33
      15
      26
      34
      21
      32
      22
      28
      26
      21
      12
      20
      30
      21
      21
      23
      24
      31
      25
      20
      14
      19
      22
      24
      29
      28
      31
      18
      20
      24
      22
      15
      13
      21
      22
      17
      20
      19
      19
      21
      23
      24
      22
      20
      18
      20
      25
      16
      34
      24
      22
      16
      21
      25
      21
      24
      21
      27
      25
      28
      15
      29
      29
      21
      17
      25
      34
      20
      26
      24
      16
      19
      25
      25
      26
      23
      30
      23
      25
      17
      18
      24
      28
      22
      29
      32
      31
      32
      41
      47
      43
      49
      48
      51
      72
      59
      71
      78
      73
      87
      83
      90
      97
      84
      94
     101
     109
     120
     145
     142
     146
     159
     155
     203
     191
     220
     208
     240
     203
     277
     261
     266
     294
     321
     303
     330
     333
     348
     427
     358
     443
     398
     440
     434
     425
     480
     541
     498
     511
     529
     597
     586
     560
     644
     605
     626
     691
     661
     733
     705
     683
     710
     697
     712
     742
     717
     687
     728
     741
     712
     703
     705
     693
     670
     688
     611
     696
     649
     635
     602
     603
     589
     575
     571
     542
     558
     531
     497
     445
     506
     443
     426
     424
     411
     375
     318
     351
     318
     293
     276
     268
     257
     245
     222
     184
     185
     165
     155
     187
     119
     134
     111
     108
     117
     112
     103
      91
      61
      65
      63
      65
      33
      59
      35
      36
      30
      31
      35
      27
      21
      21
      21
      16
      15
      23
      14
      10
       8
       8
      19
      11
      11
       8
       5
       5
       5
       8
       4
       5
      11
       8
       5
       6
       5
       4
       5
      11
       6
       3
       5
       3
       6
       8
       7
      11
       8
       8
       1
       4
       5
       6
       8
       4
       3
       4
       3
       4
       8
       2
       2
       5
       2
       4
       4
       5
       7
       3
       3
       6
       2
       3
       7
       3
       2
       2
       3
       5
       3
       2
       5
       3
       6
       3
       8
       1
       7
       7
       3
       6
       7
       2
       2
       6
       3
       5
       6
       4
       2
       4
       3
       5
       8
       3
       5
       4
       0
       2
       4
       5
       2
       4
       4
       3
       4
       5
       3
       2
       5
       3
       3
       2
       2
       5
       3
       7
       3
       2
       1
       2
       3
       7
       4
       7
       4
       5
       3
       6
       5
      11
       8
       3
       2
       1
       0
       0
       0
       0
       0
       0
       0
       0
       0
       0
       0
       0
       1
       0
       0
       0
       0
       1
       0
       0
       0
       0
       0
       0
       0
       0
       0
       0
       0
       0
       0
       0
       0
       0
       0
       0
       0
       0
       0
       0
       0
       0
       0
       0
       0
       0
       0
$ROI:
1
3 1022
$PRESETS:
Live Time
240
0
$ENER_FIT:
0.000000 0.000000
$MCA_CAL:
3
0.000000E+000 0.000000E+000 0.000000E+000 
$SHAPE_CAL:
3
0.000000E+000 0.000000E+000 0.000000E+000
