$SPEC_ID:
No sample description was entered.
$SPEC_REM:
DET# 19
DETDESC# WD011-04 Easy-MCA-8k SN 13260150
AP# Maestro Version 7.01
$DATE_MEA:
04/21/2017 16:01:40
$MEAS_TIM:
240 240
$DATA:
0 1023
       0
       0
       0
       0
       0
       0
       0
       0
       0
      32
      94
     116
      84
      84
      75
      99
      74
      90
      71
      87
      89
      90
     100
      89
      88
      80
     111
      98
     112
      87
      86
     113
      91
     100
     113
     119
     138
     116
     127
     148
     153
     184
     185
     192
     173
     187
     170
     156
     148
     153
     135
     119
     116
     118
     110
     115
     119
     118
     133
     135
     143
     129
     153
     137
     130
     132
     134
     116
     122
     140
     147
     164
     116
     150
     169
     146
     149
     143
     190
     159
     176
     187
     165
     181
     188
     167
     208
     194
     180
     199
     237
     193
     226
     223
     207
     218
     205
     207
     216
     247
     240
     200
     221
     234
     229
     246
     249
     250
     228
     244
     226
     250
     245
     213
     245
     252
     221
     235
     248
     210
     246
     243
     247
     256
     245
     220
     238
     240
     220
     251
     242
     184
     239
     240
     217
     213
     218
     232
     231
     240
     224
     236
     229
     230
     251
     253
     205
     253
     239
     195
     238
     197
     223
     221
     243
     249
     193
     183
     248
     234
     237
     206
     205
     234
     224
     208
     209
     231
     227
     232
     231
     226
     209
     213
     226
     201
     216
     231
     236
     225
     213
     199
     200
     202
     203
     200
     194
     190
     200
     198
     208
     215
     189
     196
     199
     189
     210
     180
     181
     188
     194
     206
     190
     156
     198
     203
     202
     214
     198
     203
     193
     172
     200
     185
     199
     195
     177
     163
     170
     175
     185
     186
     214
     193
     191
     172
     187
     163
     188
     182
     185
     169
     214
     179
     174
     184
     194
     176
     185
     209
     180
     188
     173
     177
     173
     177
     210
     152
     180
     192
     178
     156
     159
     178
     165
     159
     180
     149
     131
     178
     158
     164
     180
     150
     148
     150
     154
     145
     147
     153
     154
     122
     154
     168
     153
     165
     147
     166
     166
     178
     139
     144
     144
     146
     142
     144
     139
     141
     164
     143
     129
     127
     131
     158
     140
     157
     145
     151
     122
     132
     143
     138
     134
     140
     122
     142
     141
     115
     122
     119
     169
     120
     126
     129
     123
     128
     145
     122
     139
     123
     110
     142
     127
     116
     118
      99
     105
     109
     122
     106
     134
     131
     131
     133
     119
     104
     129
     134
     123
     133
     115
      94
     107
     107
     119
     117
     128
     115
     127
     130
     118
     107
     120
     104
     142
     104
     132
     116
     120
     137
      98
     107
      92
     120
     101
     121
     100
     114
     117
     114
     103
     108
      94
     100
      95
     102
      96
     118
     109
     128
     109
     113
     117
     115
     113
     114
     111
     104
      94
      97
     108
     110
     107
     110
      93
     131
     114
     102
     111
      93
     112
     113
     103
     111
     101
     119
     115
     107
     112
      99
     115
     109
      98
     108
      94
     116
     113
     114
     102
      97
      96
     105
      99
     120
     117
     100
     116
      99
     106
      92
      99
     108
      96
      99
     100
      94
     121
     105
      84
     117
     104
      98
     123
      95
      91
     105
     111
      89
     102
      93
      93
     103
      98
     113
      94
     104
      98
     101
     107
      90
     118
     101
      90
      76
     114
      91
      77
     102
     104
     114
      80
     113
      88
     105
      96
     111
     104
     125
     101
      99
      98
     103
      81
      99
     101
      94
      99
      86
      99
      97
     105
      98
     120
     108
     109
     121
      97
      96
      83
      97
     103
     109
     104
     123
      98
     103
     109
      89
      98
      96
     111
     102
     100
      97
      94
      97
      98
     102
      93
      94
     117
      95
     118
     109
      97
      95
     102
      85
      91
      99
     100
      96
      91
      89
      87
      79
      86
      87
      86
      84
      83
      76
      66
      69
      88
      84
      77
      86
      82
      64
      73
      68
      65
      46
      67
      71
      48
      49
      60
      54
      55
      56
      56
      56
      44
      49
      44
      57
      46
      40
      42
      44
      39
      40
      52
      39
      41
      46
      37
      39
      34
      40
      43
      24
      50
      34
      31
      31
      36
      29
      36
      30
      33
      23
      32
      32
      28
      24
      18
      40
      40
      22
      32
      24
      27
      27
      37
      31
      24
      33
      28
      32
      10
      32
      37
      26
      22
      23
      22
      19
      22
      23
      24
      17
      36
      24
      30
      17
      14
      14
      26
      13
      19
      15
      27
      16
      15
      23
      20
      19
      26
      19
      24
      14
      17
      21
      16
      22
      19
      16
      15
      21
      14
      19
      15
      21
      24
      18
      19
       9
      16
      11
      19
      18
      16
      12
       9
      19
      19
      23
      10
      21
      19
      11
      20
      18
      16
      15
      19
      23
      20
      21
      23
      12
      15
      17
      20
      20
      13
      21
      23
      11
      18
      25
      12
      19
      14
      21
      31
      23
      23
      26
      36
      29
      23
      33
      27
      32
      39
      29
      32
      35
      41
      40
      38
      55
      42
      52
      59
      87
      68
      79
      58
      72
     101
      96
      90
      98
     108
     110
     149
     142
     147
     141
     144
     177
     164
     191
     192
     201
     213
     243
     233
     284
     289
     276
     265
     290
     322
     349
     314
     358
     370
     327
     421
     409
     408
     466
     479
     502
     480
     472
     498
     510
     464
     546
     520
     549
     591
     564
     546
     576
     653
     559
     549
     578
     584
     607
     571
     569
     623
     577
     586
     547
     567
     583
     532
     569
     531
     522
     517
     497
     457
     478
     480
     396
     409
     431
     377
     372
     397
     320
     319
     282
     264
     306
     267
     263
     227
     240
     184
     205
     177
     184
     163
     154
     129
     140
     121
     117
     120
      98
      83
      95
      65
      69
      59
      60
      58
      36
      46
      43
      31
      34
      24
      34
      15
      18
      32
      15
      20
      14
      24
      11
      11
      14
      14
       8
      13
      10
      15
       8
      12
       8
       6
       6
       9
       3
       4
       6
       4
       6
       3
       5
       5
       3
       1
       6
       5
       3
       7
       3
       6
       2
       4
       1
       4
       4
       3
       3
       3
       7
       3
       3
       3
       3
       8
       4
       3
       6
       9
       3
       7
       8
       9
       1
       5
       4
       0
       5
       2
       7
       6
       9
       6
       3
       3
       3
       4
       3
       7
       3
       3
       8
       5
       0
       4
       2
       5
       3
       7
       4
       4
       4
       5
       5
       4
      11
       4
       4
       9
       1
       1
       7
       4
       1
       3
       4
       1
       2
       2
       6
       5
       5
       1
       3
       3
       4
       3
       0
       3
       6
       4
       2
       2
       5
       6
       3
       4
       2
       3
       5
       4
       9
       6
       3
       7
       6
       4
       3
       4
      10
       3
       2
       3
       3
       0
       0
       0
       0
       0
       0
       0
       0
       0
       0
       0
       0
       0
       0
       0
       0
       0
       0
       0
       0
       0
       0
       0
       0
       0
       0
       0
       0
       0
       0
       0
       0
       0
       0
       0
       0
       0
       0
       0
       0
       0
       0
       0
       0
       0
       0
       0
       0
$ROI:
1
3 1022
$PRESETS:
Live Time
240
0
$ENER_FIT:
0.000000 0.000000
$MCA_CAL:
3
0.000000E+000 0.000000E+000 0.000000E+000 
$SHAPE_CAL:
3
0.000000E+000 0.000000E+000 0.000000E+000
