$SPEC_ID:
No sample description was entered.
$SPEC_REM:
DET# 19
DETDESC# WD011-04 Easy-MCA-8k SN 13260150
AP# Maestro Version 7.01
$DATE_MEA:
04/21/2017 16:56:14
$MEAS_TIM:
240 240
$DATA:
0 1023
       0
       0
       0
       0
       0
       0
       0
       0
       0
      22
      94
      86
      95
      91
      99
     107
      76
     105
      97
     115
      93
     104
      83
      90
      98
      89
      90
     117
     101
      91
     105
     116
      99
     107
     108
     104
      91
     110
     108
     125
     148
     151
     135
     145
     149
     150
     136
     143
     133
     140
     145
     135
     124
     122
     132
     127
     122
     120
     127
     128
     162
     129
     164
     141
     130
     133
     135
     153
     130
     150
     156
     160
     145
     152
     166
     149
     183
     169
     177
     202
     165
     184
     197
     204
     192
     193
     200
     209
     214
     172
     227
     219
     219
     227
     213
     229
     230
     247
     237
     247
     245
     257
     247
     261
     235
     243
     249
     239
     252
     292
     275
     246
     244
     279
     243
     236
     244
     257
     237
     250
     246
     253
     264
     233
     237
     258
     241
     231
     259
     266
     237
     249
     281
     258
     251
     256
     245
     262
     218
     235
     249
     275
     258
     246
     232
     239
     236
     229
     251
     258
     252
     242
     258
     249
     226
     235
     247
     218
     240
     252
     224
     243
     257
     248
     214
     209
     253
     239
     226
     236
     189
     224
     213
     242
     218
     233
     230
     205
     231
     213
     237
     235
     221
     198
     196
     258
     208
     202
     212
     224
     224
     215
     192
     217
     212
     214
     206
     216
     211
     184
     214
     238
     216
     224
     181
     200
     209
     198
     209
     201
     208
     228
     195
     198
     207
     207
     184
     190
     220
     207
     188
     222
     183
     185
     215
     187
     197
     179
     209
     210
     185
     158
     211
     197
     187
     193
     192
     217
     195
     202
     191
     195
     226
     186
     198
     199
     187
     213
     216
     204
     172
     177
     215
     185
     191
     165
     189
     146
     189
     177
     166
     177
     170
     179
     174
     156
     161
     184
     135
     157
     164
     166
     150
     191
     186
     158
     158
     170
     159
     164
     148
     170
     169
     162
     151
     168
     175
     150
     160
     184
     153
     183
     158
     159
     179
     140
     158
     144
     156
     153
     154
     147
     146
     142
     131
     162
     143
     150
     146
     143
     149
     128
     136
     137
     154
     147
     142
     117
     135
     119
     133
     121
     140
     145
     155
     142
     140
     125
     134
     133
     133
     140
     142
     137
     141
     150
     114
     144
     138
     144
     116
     120
     151
     118
     142
     115
     124
     134
     125
     143
     135
     143
     140
     123
     135
     114
     115
     136
     140
     125
     124
     135
     113
     137
     124
     112
     130
     138
     119
     135
     107
     132
     117
     123
     139
     114
     113
      98
     123
     126
     124
     115
     113
     139
     136
     132
     114
     117
     115
     129
     121
     113
     120
     122
     117
     127
     122
     109
     126
     131
     106
     102
     137
     114
     110
     112
     100
     118
     119
     122
      94
     115
     109
     115
     124
     113
     123
     109
     114
     119
      97
     111
     115
      98
     125
     102
     112
     112
     121
     115
     124
     101
     111
     120
      94
     120
      99
     106
     117
     103
     103
     105
     118
     120
     106
      95
     103
     114
     129
     125
     115
     104
      99
     115
      95
     128
     111
     111
     110
     107
     106
     112
     105
     118
     102
     109
     118
     114
     133
     122
     113
     122
     119
     118
     101
     133
     122
     116
     117
     128
     113
     107
     100
     115
     130
      97
     105
     123
     109
     121
     103
     119
     101
      96
     103
     120
     122
     119
      97
     121
     138
     111
     110
     113
     126
     117
     123
     108
     124
     120
     109
     103
     118
     115
     116
     115
     115
     115
      89
     127
     118
     106
     112
     109
     117
     124
     108
      98
     100
      86
      97
     103
     100
     110
     105
      95
     107
      94
     111
      80
      97
      90
      75
      74
      77
      86
      79
      65
      80
      69
      74
      86
      86
      70
      66
      72
      82
      78
      57
      67
      60
      74
      68
      57
      48
      50
      47
      47
      48
      50
      43
      46
      55
      42
      38
      47
      47
      53
      55
      38
      54
      44
      53
      41
      35
      37
      40
      34
      38
      34
      33
      26
      41
      33
      47
      36
      25
      32
      34
      28
      38
      22
      30
      21
      33
      32
      33
      29
      31
      26
      29
      24
      31
      30
      31
      32
      26
      24
      24
      21
      24
      23
      35
      20
      32
      27
      19
      20
      20
      27
      25
      20
      22
      18
      31
      25
      21
      21
      26
      22
      29
      19
      14
      27
      20
      23
      21
      20
      23
      10
      16
      18
      22
      17
      19
      13
      19
      21
      27
      18
      13
      28
      18
      14
      12
      23
      24
      19
      17
      16
      25
      14
      11
      14
      21
      31
      20
      21
      12
      18
      15
      25
      21
      20
      25
      31
      19
      19
      27
      16
      19
      21
      25
      31
      20
      16
      14
      26
      29
      26
      21
      16
      26
      29
      26
      25
      32
      27
      29
      45
      35
      33
      42
      45
      45
      42
      38
      49
      51
      48
      68
      52
      80
      73
      69
      75
      93
      91
     113
     100
      92
     126
     116
     151
     149
     151
     179
     178
     181
     182
     215
     214
     206
     224
     264
     256
     285
     304
     300
     275
     324
     331
     333
     384
     369
     384
     404
     448
     415
     436
     473
     465
     509
     481
     517
     526
     564
     600
     545
     567
     581
     618
     647
     593
     597
     626
     617
     634
     623
     574
     581
     704
     655
     622
     617
     613
     625
     622
     604
     605
     606
     589
     561
     573
     536
     549
     526
     495
     483
     504
     415
     471
     395
     438
     389
     373
     354
     357
     362
     315
     246
     283
     270
     271
     248
     194
     196
     177
     201
     180
     134
     147
     139
     126
     125
     115
      97
      75
      69
      71
      72
      53
      54
      62
      51
      41
      38
      42
      34
      32
      26
      47
      19
      27
      26
      18
      18
      16
      12
      17
      17
      10
       8
      12
      11
      11
       9
       7
      11
      11
       4
       6
       8
       8
       4
       7
       5
       5
       5
       3
       4
      10
       2
       4
       6
      10
       7
       5
       2
       5
       4
       2
       7
       4
       7
       9
       4
       2
       4
       8
       9
       6
       3
       9
       5
       7
       4
       5
       3
       1
       5
       9
       3
       4
       6
       3
       2
       3
       2
       6
       1
       8
       3
       6
       5
       2
       7
       6
       4
       3
       6
       5
       5
       5
       5
       4
       6
       2
       6
       6
       3
       5
       8
       2
       8
       3
       1
       1
       2
       8
       1
       7
       6
       3
       1
       7
       2
       5
       5
       3
       3
       4
       4
       4
       1
       7
       1
       3
       5
       3
       5
       0
       3
       4
       8
       2
       1
       3
       5
       3
       3
       3
       7
       5
       3
       4
       0
       0
       0
       0
       0
       0
       0
       0
       0
       0
       1
       0
       0
       0
       0
       0
       0
       0
       0
       0
       1
       0
       0
       0
       0
       0
       0
       0
       0
       0
       0
       0
       0
       0
       0
       0
       0
       0
       0
       0
       0
       0
       0
       0
       0
       0
       0
       0
$ROI:
1
3 1022
$PRESETS:
Live Time
240
0
$ENER_FIT:
0.000000 0.000000
$MCA_CAL:
3
0.000000E+000 0.000000E+000 0.000000E+000 
$SHAPE_CAL:
3
0.000000E+000 0.000000E+000 0.000000E+000
