$SPEC_ID:
No sample description was entered.
$SPEC_REM:
DET# 19
DETDESC# WD011-04 Easy-MCA-8k SN 13260150
AP# Maestro Version 7.01
$DATE_MEA:
04/21/2017 17:13:03
$MEAS_TIM:
240 240
$DATA:
0 1023
       0
       0
       0
       0
       0
       0
       0
       0
       0
      32
      95
      77
      84
      80
      93
      73
      95
      69
      81
      91
      78
      97
      85
     106
      75
      94
      92
     109
      82
     110
     104
      87
     101
      97
     101
     119
     106
     100
      83
      97
     110
     112
     116
     131
     114
     110
     134
     121
      94
     108
     104
     116
      98
     137
     119
     107
     127
     132
     124
     118
     159
     119
     138
     126
     147
     125
     135
     139
     142
     154
     149
     147
     143
     143
     172
     169
     161
     152
     185
     171
     189
     169
     165
     177
     172
     187
     197
     193
     197
     213
     192
     192
     182
     207
     217
     263
     194
     237
     251
     234
     241
     220
     225
     208
     230
     232
     246
     217
     224
     228
     254
     223
     221
     252
     250
     238
     242
     270
     244
     265
     249
     270
     266
     269
     232
     277
     269
     221
     243
     245
     251
     263
     260
     243
     261
     247
     247
     233
     243
     243
     233
     245
     244
     234
     237
     242
     234
     258
     255
     243
     234
     263
     243
     235
     251
     250
     248
     237
     238
     232
     227
     237
     206
     235
     230
     271
     245
     228
     213
     244
     233
     231
     243
     239
     239
     243
     217
     244
     218
     217
     235
     218
     223
     219
     198
     209
     222
     186
     234
     206
     209
     210
     202
     207
     200
     212
     211
     210
     190
     219
     220
     198
     211
     184
     195
     203
     186
     199
     205
     192
     198
     195
     180
     213
     216
     208
     204
     193
     215
     194
     183
     187
     180
     194
     207
     201
     226
     229
     198
     190
     191
     183
     185
     199
     183
     194
     174
     210
     208
     193
     174
     202
     199
     196
     204
     183
     222
     177
     163
     176
     217
     183
     164
     175
     175
     176
     179
     174
     165
     151
     189
     180
     177
     154
     155
     132
     162
     180
     167
     172
     167
     170
     159
     165
     146
     175
     156
     150
     159
     149
     144
     144
     168
     176
     156
     160
     168
     122
     157
     151
     136
     176
     157
     159
     138
     134
     159
     151
     139
     142
     128
     132
     156
     150
     111
     169
     154
     144
     153
     142
     140
     163
     123
     123
     122
     117
     130
     124
     131
     122
     124
     131
     120
     159
     113
     122
     117
     121
     126
     142
     118
     117
     108
     146
     137
     121
     109
     112
     124
     125
     133
     138
     105
     116
     115
     131
     102
     122
     110
     120
     115
     115
     102
     110
     116
     115
     121
     121
     118
     121
     131
     112
      92
     123
     108
     132
     101
     111
     118
     123
     105
     127
     108
     124
     129
     129
     127
     114
     117
     126
     105
     102
     101
     117
     100
     111
      99
     122
     119
     120
     108
     123
     114
     112
     101
     128
     121
     109
     102
     110
      98
     126
     118
     109
     112
     106
      98
      93
     123
     123
     106
      93
     123
     108
     116
     114
     105
      98
      99
     104
     113
      86
     107
     112
     105
     108
     116
      86
     103
      96
     115
     113
     104
     117
     104
     110
      95
     123
      99
     107
      98
     118
     119
      93
     103
      93
     102
     102
     101
     119
      83
      96
      97
      97
     104
     102
      97
     101
     100
     115
      95
     121
      99
      98
      91
     106
      97
      94
     106
     112
      94
      99
     123
     104
      89
      90
     111
      86
      99
     100
     108
     118
     101
      96
     109
      90
      89
      88
      93
     113
      88
     109
     121
      92
     115
      94
      92
      90
      95
      98
     102
     104
      93
      87
     104
     111
     114
     105
      84
      92
      97
      85
      96
     106
      93
     102
      93
     112
     102
      89
      84
     104
      88
     111
     102
      80
      99
     109
      97
      86
     108
      84
      97
      82
     101
      76
     111
     112
      74
      71
      82
      79
      86
      78
      75
      87
      69
      76
      64
      68
      75
      61
      77
      72
      64
      60
      60
      74
      78
      54
      60
      45
      39
      56
      41
      63
      55
      42
      35
      43
      39
      50
      34
      40
      46
      48
      43
      48
      28
      31
      43
      40
      47
      35
      35
      37
      32
      36
      40
      36
      38
      39
      35
      28
      28
      42
      23
      31
      31
      29
      23
      22
      29
      26
      28
      34
      26
      34
      22
      25
      22
      29
      23
      29
      26
      36
      23
      31
      25
      20
      24
      17
      30
      29
      25
      22
      22
      20
      27
      27
      20
      20
      21
      15
      21
      20
      23
      20
      23
      27
      18
      28
      21
      21
      24
      11
      16
      21
      25
      26
      30
      24
      17
      19
      15
      21
      15
      19
      22
      18
      20
      23
      24
      14
      12
      18
      23
      18
      21
      17
      19
      20
      23
      22
      23
      23
      19
      17
      19
      20
      17
      23
      13
      20
      20
      28
      22
      25
      18
      26
      15
      17
      28
      20
      11
      22
      17
      21
      27
      22
      17
      22
      21
      27
      21
      22
      33
      22
      41
      17
      34
      38
      33
      35
      38
      33
      46
      55
      56
      61
      43
      58
      64
      49
      69
      63
      77
      66
      88
      96
     101
      87
     133
     143
     111
     131
     137
     146
     151
     159
     174
     174
     203
     242
     215
     232
     229
     216
     251
     264
     260
     276
     309
     354
     350
     382
     374
     373
     401
     414
     363
     383
     416
     445
     496
     460
     466
     480
     503
     514
     519
     500
     533
     565
     538
     536
     534
     549
     558
     511
     527
     517
     537
     538
     568
     566
     523
     480
     529
     499
     500
     525
     526
     456
     492
     497
     467
     458
     424
     388
     417
     407
     360
     390
     366
     322
     327
     296
     325
     282
     249
     261
     234
     219
     210
     195
     173
     173
     148
     175
     151
     117
     121
     135
     114
      81
      98
      84
      66
      79
      57
      60
      62
      46
      44
      50
      44
      40
      27
      26
      31
      30
      25
      24
      20
      13
      21
       9
      16
      10
      13
       7
      10
       8
       6
       7
       9
       6
      12
      10
       4
       7
       5
       7
       7
       5
       8
       6
       1
       3
       7
       9
       2
       5
       5
       6
       3
       2
       5
       9
       3
       3
       6
       1
       5
       4
      10
       4
       5
       5
       3
       7
       5
       3
       8
       6
       1
       5
       6
       6
       5
       5
       2
       1
       4
       5
       5
       7
       6
       3
       3
       4
       7
       8
       3
       3
       8
       4
       4
       3
       2
       5
       5
       4
       3
       5
       5
       2
       8
       2
       5
       3
       5
       3
       3
       2
       3
       6
       9
       4
       5
       5
       5
       2
       6
       4
       1
       1
       5
       7
       1
       4
       4
       5
       3
       6
       6
       1
       2
       2
       5
       3
       5
       4
       7
       6
       4
       5
       6
       4
       1
       7
       3
       5
      12
       2
       0
       0
       0
       0
       0
       0
       0
       1
       0
       0
       0
       0
       1
       0
       0
       0
       0
       0
       0
       0
       0
       0
       0
       0
       0
       0
       0
       0
       0
       0
       0
       0
       0
       0
       0
       0
       0
       0
       0
       0
       0
       0
       0
       0
       0
       0
       0
       0
$ROI:
1
3 1022
$PRESETS:
Live Time
240
0
$ENER_FIT:
0.000000 0.000000
$MCA_CAL:
3
0.000000E+000 0.000000E+000 0.000000E+000 
$SHAPE_CAL:
3
0.000000E+000 0.000000E+000 0.000000E+000
