$SPEC_ID:
No sample description was entered.
$SPEC_REM:
DET# 19
DETDESC# WD011-04 Easy-MCA-8k SN 13260150
AP# Maestro Version 7.01
$DATE_MEA:
04/21/2017 16:14:11
$MEAS_TIM:
240 240
$DATA:
0 1023
       0
       0
       0
       0
       0
       0
       0
       0
       0
      10
      44
      60
      45
      45
      43
      38
      37
      45
      41
      46
      45
      44
      39
      50
      38
      47
      49
      43
      34
      29
      37
      58
      51
      55
      42
      57
      45
      52
      54
      52
      73
      64
      58
      56
      57
      61
      54
      63
      57
      53
      72
      79
      54
      65
      67
      82
      51
      58
      88
      75
      67
      79
      72
      86
      79
      81
      90
      71
      85
      94
      95
      84
      87
      92
      93
      93
      99
     116
     118
     108
     108
     116
     114
     126
     149
     136
     133
     125
     149
     154
     161
     167
     152
     139
     160
     170
     169
     188
     156
     172
     187
     201
     206
     180
     167
     202
     181
     163
     171
     171
     192
     185
     190
     186
     185
     202
     197
     176
     203
     188
     191
     177
     184
     204
     171
     185
     183
     188
     175
     169
     191
     180
     210
     189
     182
     200
     181
     198
     180
     209
     166
     202
     191
     200
     158
     183
     179
     201
     184
     194
     204
     190
     171
     178
     171
     174
     194
     184
     171
     170
     194
     171
     181
     143
     179
     201
     166
     169
     174
     183
     178
     162
     150
     173
     170
     141
     156
     158
     157
     169
     173
     171
     146
     155
     160
     160
     142
     188
     160
     158
     154
     141
     152
     148
     156
     150
     155
     145
     146
     133
     134
     157
     138
     145
     134
     132
     140
     134
     137
     123
     132
     145
     141
     158
     143
     131
     142
     121
     116
     127
     118
     132
     132
     139
     146
     122
     143
     121
     133
     128
     134
     136
     141
     125
     134
     136
     148
     145
     124
     135
     134
     134
     119
     126
     130
     123
     102
     111
     105
     137
     123
     108
     116
     115
     130
     131
     107
     102
      92
      97
      98
      86
     109
     108
     100
     103
     105
      78
      82
      91
      95
     101
      84
      81
     102
     101
     105
     103
      95
      79
      92
      88
      89
      79
      84
      83
      88
      89
      80
      89
      87
      85
      80
      81
      93
      88
      73
      86
      75
      55
      84
      84
      69
      72
      73
      81
      86
      72
      69
      80
      69
      75
      63
      70
      71
      73
      66
      71
      84
      64
      62
      54
      63
      56
      65
      68
      72
      55
      65
      60
      72
      61
      61
      59
      62
      64
      61
      65
      66
      53
      59
      57
      44
      60
      50
      48
      67
      54
      56
      51
      61
      53
      73
      60
      53
      46
      46
      52
      71
      39
      60
      39
      45
      62
      48
      62
      55
      47
      45
      48
      43
      62
      56
      47
      46
      48
      51
      47
      49
      43
      41
      60
      35
      48
      43
      45
      38
      56
      48
      63
      53
      52
      42
      36
      38
      46
      42
      57
      45
      43
      49
      41
      45
      41
      40
      34
      37
      38
      35
      57
      46
      50
      46
      42
      49
      40
      51
      38
      47
      49
      40
      54
      50
      31
      41
      51
      38
      51
      40
      44
      60
      57
      29
      37
      36
      47
      39
      43
      39
      34
      37
      38
      26
      53
      38
      37
      30
      46
      49
      37
      37
      36
      33
      39
      46
      31
      35
      40
      39
      43
      44
      34
      46
      38
      35
      32
      33
      44
      32
      33
      34
      35
      40
      32
      44
      45
      40
      33
      35
      38
      34
      40
      31
      37
      39
      31
      38
      40
      30
      35
      28
      56
      29
      29
      30
      31
      35
      41
      32
      42
      33
      49
      30
      36
      37
      38
      39
      29
      36
      37
      22
      28
      38
      27
      36
      35
      40
      29
      35
      34
      35
      36
      34
      23
      36
      25
      28
      35
      26
      31
      45
      28
      32
      29
      28
      39
      29
      39
      13
      19
      23
      26
      24
      30
      21
      27
      37
      19
      28
      22
      22
      20
      27
      26
      27
      17
      25
      18
      15
      17
      22
      15
      17
      17
      20
      21
      19
      19
      17
      21
      20
      17
      22
      14
      24
      24
      21
      15
      15
      14
      10
      17
      17
      16
      14
      16
      18
      22
      17
      16
      23
      14
      14
      16
      14
      14
      11
      14
      13
      15
      20
      15
      14
      15
       8
      11
      14
      11
      13
      15
      18
      12
      10
      11
      10
      17
      18
      15
      22
      16
      16
      11
      10
      10
      11
      14
      10
      16
       7
       7
      15
      13
      13
      11
      12
       8
       5
      10
      11
      11
       4
      15
       9
       7
       9
      10
      13
      10
       7
       7
       8
       7
      13
      11
       8
      21
       7
      20
      11
       9
      17
       9
      15
       9
      16
      10
       5
       9
      12
       6
      11
      14
      11
      15
       9
       6
      10
      10
       9
      16
       9
      14
      11
      10
      16
      16
       7
      17
      13
      14
      12
       3
       9
       9
      16
      24
      15
      12
      11
      14
      12
      16
      12
      14
      23
      11
      11
      18
      18
      11
      13
      19
      19
      15
      20
      19
      17
      23
      25
      27
      21
      16
      35
      30
      26
      37
      38
      32
      29
      27
      34
      25
      46
      39
      34
      46
      51
      43
      33
      45
      43
      43
      61
      51
      52
      50
      66
      56
      53
      60
      71
      65
      63
      70
      70
      63
      74
      86
      91
      64
      81
      79
      86
      98
     101
      84
      90
      73
      72
      94
      86
     103
      94
      94
      91
      93
     106
      92
     112
      96
      81
      87
     110
      71
      67
      87
      95
      89
      95
      90
      70
      91
      85
      91
      60
      75
      78
      68
      63
      59
      57
      66
      56
      58
      59
      39
      43
      46
      36
      39
      38
      28
      29
      35
      32
      34
      24
      29
      19
      22
      21
      21
      19
      15
      18
      15
      14
      12
      12
      11
      14
      20
       9
       8
      12
       6
       5
       6
       7
      11
       7
       6
       7
      10
       7
       5
       4
       5
       4
       3
      10
       4
       9
       3
      10
       7
       7
       5
       2
       6
       2
       4
       9
       3
       4
       2
       8
       6
       5
       4
       1
       2
       4
       5
       5
       4
       3
       4
       5
       4
       7
       2
       0
       4
       5
       2
       3
       5
       3
       8
       3
       5
       1
       5
      10
       3
       3
       7
       4
       3
       5
       2
       2
       6
       3
       2
       4
       3
       5
       4
       7
       3
       1
       3
       2
       7
       1
       2
       6
       7
       5
       3
       5
       6
       3
       1
       5
       4
       4
       5
       9
       3
       1
       8
       7
       5
       4
       4
       4
       4
       8
       5
       4
       2
       3
       3
       3
       2
       2
       6
       3
       9
       2
       3
       3
       3
       5
       2
       3
       7
       5
       4
       5
       3
       2
       5
       1
       5
       5
       2
       8
       4
       3
       4
       3
       6
       0
       0
       0
       0
       0
       0
       0
       0
       0
       0
       0
       0
       0
       0
       0
       0
       0
       0
       0
       0
       0
       0
       0
       0
       0
       0
       0
       0
       0
       0
       0
       0
       0
       0
       0
       0
       0
       0
       0
       0
       0
       0
       0
       0
       0
       0
       0
       0
$ROI:
1
3 1022
$PRESETS:
Live Time
240
0
$ENER_FIT:
0.000000 0.000000
$MCA_CAL:
3
0.000000E+000 0.000000E+000 0.000000E+000 
$SHAPE_CAL:
3
0.000000E+000 0.000000E+000 0.000000E+000
