$SPEC_ID:
No sample description was entered.
$SPEC_REM:
DET# 19
DETDESC# WD011-04 Easy-MCA-8k SN 13260150
AP# Maestro Version 7.01
$DATE_MEA:
04/21/2017 15:55:18
$MEAS_TIM:
240 240
$DATA:
0 1023
       0
       0
       0
       0
       0
       0
       0
       0
       1
      27
      96
      88
      96
      91
      88
      99
      94
      83
      91
      93
      97
      83
      89
      98
      86
     109
      96
      99
      82
      82
      85
     107
      88
     108
      98
     109
     114
     106
     162
     164
     160
     173
     189
     188
     203
     151
     157
     160
     154
     132
     121
     140
     135
     123
     132
     114
     148
     112
     131
     120
     115
     145
     131
     142
     108
     149
     122
     124
     135
     157
     153
     170
     154
     145
     148
     155
     173
     152
     186
     176
     196
     148
     151
     163
     191
     194
     196
     182
     196
     170
     205
     215
     205
     187
     246
     240
     224
     221
     233
     256
     218
     248
     236
     256
     219
     227
     241
     235
     243
     228
     236
     234
     217
     245
     232
     229
     237
     224
     235
     252
     243
     270
     239
     222
     259
     256
     243
     237
     245
     205
     255
     248
     241
     234
     246
     210
     244
     226
     240
     268
     247
     227
     251
     238
     289
     233
     235
     240
     210
     246
     245
     218
     223
     218
     217
     213
     202
     248
     214
     224
     208
     216
     214
     215
     239
     222
     197
     200
     219
     219
     201
     231
     219
     213
     210
     212
     206
     204
     239
     227
     205
     210
     233
     212
     196
     228
     204
     192
     213
     188
     198
     164
     192
     192
     209
     201
     205
     203
     206
     177
     220
     205
     193
     190
     198
     206
     181
     187
     202
     199
     193
     160
     177
     170
     189
     197
     179
     195
     173
     203
     198
     181
     161
     199
     196
     189
     194
     162
     178
     204
     178
     190
     207
     164
     185
     180
     187
     193
     182
     198
     184
     190
     187
     213
     167
     198
     183
     158
     182
     187
     179
     159
     176
     174
     169
     150
     163
     147
     157
     172
     166
     168
     162
     141
     151
     170
     159
     155
     142
     159
     144
     161
     162
     160
     160
     157
     156
     149
     162
     145
     144
     144
     149
     160
     121
     152
     152
     143
     155
     144
     132
     127
     140
     147
     151
     169
     127
     123
     149
     156
     143
     139
     120
     125
     136
     156
     118
     134
     126
     125
     128
     136
     121
     123
     116
     109
     150
     110
     119
     145
     119
     131
     131
     135
     120
     130
     115
     126
     130
     115
     112
     138
     112
     127
     152
     156
     116
     103
     133
     120
     117
     133
     115
     140
     119
     119
     133
     119
     121
     121
     140
     133
     114
     125
     115
     128
     117
     120
     113
     104
     132
     112
     119
     125
     129
     100
     113
     121
     102
     124
     112
     124
     120
     104
     115
     116
     119
     100
     123
     103
     121
     115
     112
     112
     113
     110
     115
     105
     108
     110
     118
     108
     102
      88
     109
      95
     113
     107
     110
      95
      93
      97
     107
     122
     135
     115
     108
      81
      90
     112
      87
     116
     103
      93
      76
     117
     104
     131
     105
     105
      96
     117
     108
     127
     106
     104
     100
     104
      95
      86
      99
      91
     112
      98
     113
      99
      99
     101
     102
     124
     105
     119
     111
     106
      93
      95
      95
      98
      99
     109
     124
      91
      97
     128
     113
      98
     102
      94
     102
      98
      99
     109
     103
      98
     108
      95
      89
     104
      98
     110
     110
     102
      99
     106
      97
     105
     110
      89
      99
      88
     107
      98
     109
     109
      90
     109
      99
     113
     101
     112
     116
     107
     102
      97
     110
     112
     110
     120
     110
     104
      92
     116
     107
     104
     115
     106
     110
      98
     101
      95
      87
     103
     101
     119
      84
      98
     102
     103
     100
     115
      88
     102
      93
      83
      92
     100
      86
     106
     104
      90
      89
      95
      88
      84
      96
      80
      90
     103
      98
      94
      87
      88
      70
      70
      83
      84
      74
      70
      59
      70
      73
      66
      66
      64
      79
      68
      57
      46
      51
      69
      50
      58
      56
      48
      54
      60
      52
      41
      64
      44
      40
      42
      45
      46
      36
      43
      42
      43
      48
      36
      32
      27
      45
      38
      43
      30
      41
      38
      26
      47
      34
      29
      25
      41
      19
      24
      28
      30
      33
      30
      34
      33
      31
      30
      29
      34
      24
      25
      24
      18
      35
      32
      27
      29
      25
      23
      32
      20
      26
      28
      25
      34
      20
      20
      25
      33
      17
      26
      20
      18
      21
      22
      23
      14
      17
      16
      22
      22
      14
      31
      14
      18
      22
      20
      21
      21
      15
      20
      21
      18
      20
      15
      20
      14
      19
      14
      21
      25
      25
      17
      18
      12
      18
      18
      16
      18
      20
      22
      21
      18
      19
      18
      22
      20
      14
      21
      21
      14
      26
      16
      17
      11
      25
      29
      16
      18
      21
      22
      15
      20
      23
      20
      21
      20
      25
      23
      31
      23
      18
      21
      26
      23
      23
      26
      27
      22
      24
      24
      30
      39
      24
      33
      35
      28
      37
      48
      41
      46
      53
      63
      61
      70
      75
      73
      77
      74
      80
      85
     108
     116
     125
     131
     129
     136
     133
     160
     187
     180
     167
     182
     233
     214
     250
     237
     272
     276
     277
     298
     298
     324
     351
     361
     389
     378
     394
     418
     417
     449
     439
     462
     470
     490
     484
     535
     516
     564
     525
     548
     594
     591
     599
     566
     587
     636
     633
     625
     609
     591
     644
     636
     571
     633
     587
     581
     561
     644
     573
     561
     557
     508
     484
     502
     492
     466
     462
     477
     447
     411
     406
     327
     357
     350
     347
     314
     293
     292
     271
     246
     241
     217
     209
     179
     186
     154
     169
     149
     155
     110
     130
     129
      97
      97
     104
      71
      79
      59
      64
      43
      57
      42
      40
      48
      32
      37
      32
      38
      24
      23
      21
      27
      16
      15
      14
      17
       6
      10
      11
      13
      12
      10
       9
      11
       6
       3
       6
       7
       1
       5
       9
       4
       8
       5
       6
       3
       5
       2
       5
       1
       4
       4
       8
       4
       3
       4
       3
       8
      12
       7
       6
       2
       2
       4
       2
       6
       5
       5
       6
       6
       6
       7
       5
      10
       2
       5
       8
       5
       4
       8
       4
       2
       2
       2
       5
       6
       7
       6
       1
       4
       4
       4
       4
       2
       9
       3
       7
       7
       4
       3
       5
       4
       3
       6
       5
       3
       1
       2
       7
       6
       2
       6
       3
       8
       6
       3
       5
       3
       3
       3
       2
       2
       2
       5
       5
       6
       2
       7
       1
       1
       3
       7
       1
       3
       2
       1
       6
       3
       3
       4
       4
       4
       3
       6
       4
       4
       5
       3
       2
       7
       3
       2
       6
       4
       4
       1
       8
       2
       0
       0
       0
       0
       0
       0
       2
       0
       0
       0
       0
       0
       0
       0
       0
       0
       0
       0
       0
       0
       0
       0
       0
       1
       0
       0
       0
       0
       0
       0
       0
       0
       0
       0
       0
       0
       0
       0
       0
       0
       0
       0
       0
       0
       0
       0
       0
       0
$ROI:
1
3 1022
$PRESETS:
Live Time
240
0
$ENER_FIT:
0.000000 0.000000
$MCA_CAL:
3
0.000000E+000 0.000000E+000 0.000000E+000 
$SHAPE_CAL:
3
0.000000E+000 0.000000E+000 0.000000E+000
