$SPEC_ID:
No sample description was entered.
$SPEC_REM:
DET# 19
DETDESC# WD011-04 Easy-MCA-8k SN 13260150
AP# Maestro Version 7.01
$DATE_MEA:
04/21/2017 16:20:26
$MEAS_TIM:
240 240
$DATA:
0 1023
       0
       0
       0
       0
       0
       0
       0
       1
       0
      26
     104
      88
      83
     101
      80
      92
      94
      87
      89
      94
      95
      83
      88
     124
      97
      97
     114
      89
     108
      99
     114
      98
     119
     101
      98
     106
     122
     110
     115
     121
     139
     135
     177
     140
     149
     139
     160
     145
     140
     129
     163
     127
     122
     124
     117
     128
     118
     124
     118
     137
     129
     145
     153
     162
     143
     132
     131
     131
     166
     170
     155
     168
     166
     160
     168
     167
     162
     187
     174
     175
     198
     153
     209
     189
     203
     203
     214
     205
     199
     206
     200
     207
     196
     242
     198
     232
     224
     237
     243
     222
     211
     273
     261
     261
     259
     259
     227
     282
     249
     241
     255
     252
     270
     254
     288
     222
     258
     252
     247
     236
     246
     256
     269
     257
     265
     253
     260
     259
     246
     266
     270
     236
     235
     251
     252
     260
     253
     272
     245
     249
     278
     246
     252
     245
     243
     257
     271
     272
     245
     245
     265
     234
     240
     254
     260
     251
     261
     236
     256
     267
     244
     258
     232
     210
     257
     209
     237
     253
     241
     236
     250
     227
     225
     203
     231
     232
     222
     237
     219
     250
     225
     202
     246
     210
     216
     223
     214
     204
     211
     214
     212
     214
     215
     227
     222
     219
     207
     202
     208
     242
     201
     210
     230
     226
     237
     208
     200
     204
     246
     212
     213
     201
     212
     207
     221
     187
     181
     190
     206
     180
     203
     197
     211
     220
     182
     192
     230
     197
     213
     194
     195
     235
     200
     203
     193
     173
     204
     190
     207
     176
     208
     188
     196
     200
     211
     182
     197
     184
     199
     188
     205
     194
     209
     191
     176
     188
     175
     163
     164
     188
     184
     180
     163
     185
     195
     152
     178
     170
     166
     160
     147
     166
     162
     152
     172
     170
     166
     161
     171
     142
     159
     160
     183
     155
     145
     183
     174
     141
     166
     176
     157
     156
     165
     134
     175
     143
     164
     140
     154
     140
     128
     137
     151
     156
     148
     155
     168
     162
     137
     150
     139
     149
     137
     152
     140
     144
     143
     127
     146
     148
     158
     133
     130
     130
     138
     155
     152
     147
     145
     156
     128
     121
     128
     141
     161
     138
     119
     127
     137
     133
     122
     153
     125
     131
     134
     134
     125
     137
     134
     119
     132
     134
     128
     149
     118
     123
     119
     119
     124
     123
     129
     130
     109
     127
     114
     126
     121
     127
     110
     113
     129
     123
     126
     123
     133
     112
     129
     111
     115
     113
     115
     114
     118
     118
     115
     117
     123
     129
     122
     118
     128
     112
     100
     109
     125
     131
     103
     111
     102
     135
     114
     121
     119
     108
     110
     104
     150
     124
     135
     122
     138
     110
     102
     112
     116
     110
     109
     116
     112
     117
     114
     115
     114
     115
     114
     112
     115
     150
     109
     109
     121
     114
     122
     118
     120
     125
     121
     105
     105
     133
     131
      97
     109
     112
     105
     112
     108
     108
     110
     101
     119
     107
      82
      99
     107
     119
      95
     108
     109
      99
     118
      89
      97
     104
     102
     106
     104
     122
     114
      99
     100
     116
     119
     110
     109
      99
     132
     127
     105
     111
      98
      95
     136
     123
     125
     124
     129
     121
     111
     111
     117
     101
     115
     116
     104
     122
     104
     115
     116
     111
     103
     117
     116
      97
      99
     133
     108
     111
     139
     111
     120
     122
     136
     110
     104
      96
     113
     111
     125
     103
     128
     115
     119
     114
     118
     105
     135
     104
     105
     113
      95
     100
      89
     103
      86
     107
     109
     103
     103
     106
      86
     103
      95
      75
      80
     109
      85
      70
      72
      80
      70
      69
      86
      72
      74
      80
      59
      52
      59
      58
      64
      57
      54
      56
      71
      58
      52
      49
      61
      54
      41
      47
      41
      47
      44
      47
      47
      37
      43
      51
      42
      43
      29
      32
      45
      38
      31
      37
      36
      32
      48
      42
      44
      32
      33
      32
      33
      29
      25
      17
      38
      31
      26
      15
      40
      34
      27
      34
      35
      32
      20
      28
      34
      23
      26
      24
      24
      29
      26
      23
      26
      33
      19
      21
      22
      31
      25
      31
      23
      16
      29
      17
      23
      32
      21
      26
      21
      20
      20
      19
      18
      29
      12
      20
      19
      19
      15
      19
      23
      23
      21
      19
      15
      24
      24
      14
      20
      26
      25
      25
      14
      13
      19
      16
      21
      17
      16
      27
      13
      24
      12
      29
      19
      25
      25
      20
      20
      20
      19
      18
      18
      19
      19
      14
      13
      20
      26
      20
      25
      23
      22
      18
      22
      29
      21
      25
      19
      23
      19
      29
      28
      25
      21
      30
      29
      29
      25
      29
      31
      26
      39
      34
      33
      38
      39
      35
      41
      54
      36
      68
      62
      60
      68
      82
      92
      80
      76
     107
      90
     102
     117
     133
     132
     121
     153
     142
     159
     171
     176
     198
     209
     211
     216
     217
     241
     242
     281
     296
     323
     300
     331
     336
     352
     388
     404
     423
     436
     411
     468
     465
     470
     503
     510
     498
     581
     532
     558
     622
     572
     616
     642
     605
     604
     598
     681
     653
     689
     608
     654
     641
     669
     645
     626
     619
     632
     599
     600
     599
     590
     595
     587
     570
     535
     520
     526
     481
     472
     454
     467
     415
     441
     402
     366
     371
     392
     357
     311
     314
     288
     287
     270
     260
     243
     215
     196
     203
     188
     165
     149
     138
     146
     116
     110
     129
      87
      80
      79
      65
      61
      68
      53
      61
      50
      43
      45
      33
      20
      24
      25
      17
      23
      22
      19
      20
      18
      14
      20
      15
      11
      11
      11
       6
      10
       8
       6
       5
       6
       4
      12
       3
       7
       3
       3
       4
       3
       5
       4
       6
       4
       7
       7
       4
       3
       6
       8
       3
       4
       8
       4
       5
       6
       6
       0
       4
       5
       1
       5
       2
       2
       5
       5
       2
       6
       3
       3
       6
       2
       5
       7
       3
       3
       5
       6
       4
       6
       2
       3
       7
       3
       5
       3
       2
       3
       4
       3
       2
       3
       4
       3
       5
      11
       3
       3
       2
       4
       4
       3
       6
       3
       6
       2
       5
       4
       3
       3
       0
       7
       5
       8
       5
       1
       1
       3
       2
       6
       3
       0
       1
       4
       7
       5
       4
       5
       2
       5
       3
       6
       4
       7
       2
       0
       4
       2
       4
       4
       8
       3
       7
       1
       3
       3
       4
       4
       2
       1
       3
       0
       0
       1
       0
       0
       0
       0
       0
       0
       0
       0
       0
       0
       0
       0
       0
       0
       0
       0
       0
       0
       0
       0
       0
       0
       0
       0
       0
       0
       0
       0
       0
       0
       0
       0
       0
       0
       0
       0
       0
       0
       0
       0
       0
       0
       0
       0
       0
$ROI:
1
3 1022
$PRESETS:
Live Time
240
0
$ENER_FIT:
0.000000 0.000000
$MCA_CAL:
3
0.000000E+000 0.000000E+000 0.000000E+000 
$SHAPE_CAL:
3
0.000000E+000 0.000000E+000 0.000000E+000
