$SPEC_ID:
No sample description was entered.
$SPEC_REM:
DET# 19
DETDESC# WD011-04 Easy-MCA-8k SN 13260150
AP# Maestro Version 7.01
$DATE_MEA:
04/21/2017 16:50:35
$MEAS_TIM:
240 240
$DATA:
0 1023
       0
       0
       0
       0
       0
       0
       0
       1
       0
      15
      44
      40
      46
      47
      45
      44
      36
      45
      29
      31
      41
      36
      41
      47
      47
      40
      42
      56
      52
      46
      40
      51
      55
      56
      50
      47
      40
      44
      54
      42
      63
      73
      58
      58
      54
      63
      59
      68
      62
      63
      62
      62
      65
      60
      65
      55
      65
      48
      71
      74
      87
      75
      72
      78
      85
      80
      76
      83
      85
      90
      89
      99
     111
     112
      88
     108
     115
      96
      97
     122
     129
     122
     113
     141
     132
     159
     119
     144
     139
     151
     137
     158
     142
     160
     158
     134
     169
     162
     147
     175
     193
     176
     175
     173
     188
     183
     182
     190
     183
     172
     192
     183
     171
     209
     172
     182
     185
     183
     185
     163
     191
     175
     168
     190
     165
     200
     188
     194
     180
     205
     181
     164
     206
     173
     170
     169
     163
     206
     168
     169
     193
     178
     174
     183
     185
     192
     211
     168
     167
     184
     169
     184
     172
     190
     158
     165
     174
     179
     176
     174
     175
     172
     164
     161
     189
     168
     185
     160
     166
     171
     152
     141
     167
     154
     152
     156
     166
     186
     183
     157
     152
     135
     168
     157
     156
     151
     159
     162
     157
     156
     137
     147
     162
     126
     145
     138
     151
     140
     116
     144
     159
     157
     142
     154
     133
     140
     152
     160
     126
     134
     154
     144
     136
     120
     137
     135
     120
     134
     139
     161
     149
     137
     127
     118
     138
     120
     123
     130
     111
     122
     123
     127
     151
     122
     124
     134
     136
     121
     136
     118
     131
     115
     136
     124
     109
     122
     122
     141
     129
     110
     124
     117
     101
     109
     118
     115
      94
     106
     108
     112
      93
     100
      96
     107
     112
     114
      88
     106
     101
      98
      95
      79
      62
     103
      99
     112
      84
      71
      80
     105
      83
     101
      90
      76
      75
      74
      75
      82
      86
      81
      87
      86
      68
      90
      85
      72
      74
      85
     100
      88
      94
      80
      76
      92
      90
      76
      70
      72
      72
      75
      81
      69
      67
      68
      66
      60
      75
      63
      61
      55
      59
      71
      59
      62
      62
      70
      56
      61
      61
      67
      73
      62
      54
      62
      71
      65
      60
      57
      74
      63
      63
      57
      61
      65
      67
      51
      54
      58
      43
      62
      42
      56
      55
      54
      58
      71
      50
      55
      46
      70
      60
      43
      56
      46
      55
      47
      41
      56
      56
      53
      54
      51
      52
      48
      57
      60
      48
      50
      57
      45
      47
      50
      42
      46
      60
      44
      54
      52
      49
      45
      36
      44
      42
      56
      49
      34
      48
      59
      57
      49
      43
      56
      57
      33
      49
      30
      50
      48
      49
      41
      49
      42
      54
      50
      45
      33
      50
      53
      44
      56
      51
      46
      52
      51
      55
      39
      47
      42
      54
      39
      30
      61
      36
      39
      44
      43
      47
      52
      43
      38
      33
      39
      42
      40
      37
      34
      32
      40
      44
      45
      31
      44
      29
      32
      45
      42
      39
      46
      31
      39
      31
      33
      38
      37
      46
      43
      49
      42
      38
      35
      31
      47
      29
      32
      32
      40
      36
      32
      36
      24
      36
      40
      30
      37
      34
      23
      43
      32
      37
      39
      36
      34
      43
      36
      33
      37
      32
      35
      46
      38
      34
      41
      39
      32
      23
      28
      29
      23
      31
      24
      29
      35
      39
      29
      24
      35
      36
      32
      38
      38
      36
      31
      33
      40
      43
      25
      30
      24
      31
      36
      34
      30
      37
      24
      29
      17
      21
      29
      26
      29
      18
      25
      29
      29
      21
      35
      26
      29
      21
      24
      26
      28
      33
      25
      23
      29
      17
      28
      24
      31
      14
      22
      23
      16
      20
      23
      22
      19
      16
      22
      21
      16
      17
      18
      23
      32
      21
      12
      20
      17
      21
      16
      17
      23
      19
      20
      18
      14
      15
      19
      23
      14
      13
      18
      16
      15
      12
      10
      18
      19
      20
       9
      18
       9
      16
      15
      11
      15
      17
      14
      11
      13
      11
       9
      12
      17
      10
      18
      11
      15
      25
      12
      13
      12
      11
      16
      11
      11
      10
      16
      11
      13
       6
      15
      12
      11
      14
      12
      11
      18
       9
      10
       6
      10
       9
       6
      16
      17
      14
       6
      14
       9
       9
      14
      11
       9
      15
      10
       9
      13
       7
      11
      12
      12
      15
       8
      13
      14
      11
       8
       9
       8
       6
      15
      10
      17
      13
      10
      13
      13
      12
       5
      11
      12
      14
      12
      13
       8
       6
      17
      14
      17
      14
      16
      13
      14
      14
      12
      11
      12
      11
      18
      16
      16
      15
      18
      12
      20
      11
      11
      19
      13
      11
      14
      19
      11
      25
      18
      13
      21
      17
      27
      31
      28
      21
      33
      34
      34
      23
      29
      42
      22
      38
      34
      48
      34
      32
      29
      33
      38
      41
      52
      60
      43
      50
      56
      43
      48
      56
      63
      61
      65
      60
      68
      65
      84
      73
      91
      73
      98
      82
      77
      94
      84
      87
      93
      99
     109
      97
     100
     110
      99
      89
     113
      89
     102
     100
      91
     104
     104
     107
     117
     106
      96
      83
      80
     101
      89
      97
      92
      90
     104
      76
      87
      75
      80
      80
      88
      90
      92
      69
      56
      73
      75
      59
      54
      56
      44
      60
      47
      57
      35
      33
      42
      35
      39
      33
      30
      20
      27
      28
      23
      25
      27
      18
      14
      17
      18
      15
      15
       8
      14
      12
      14
       7
      10
       4
       4
       4
      10
       6
       6
       5
       8
       6
       7
      10
       7
       5
       8
       6
       3
       7
       6
       5
       6
       3
       3
       2
       6
       3
       5
       4
       3
       8
       7
       2
       3
       8
       2
       1
       7
       7
       3
       5
       5
       3
       3
       2
       7
       7
       2
       7
       5
       4
       3
       5
       2
       7
       8
       6
       6
       3
       4
       3
       5
       7
       3
       3
       9
       4
       5
       8
       6
       4
       6
       5
       9
       3
       8
       6
       4
       7
       4
       5
       2
       3
       5
       6
       2
       5
       3
       5
       4
       3
       7
       4
       2
       4
       7
       5
       6
       7
       3
       4
       5
       1
       2
       5
       3
       4
       4
       3
       4
       2
       5
       3
       7
       7
       3
       3
       3
       4
       1
       3
       3
       5
       4
       3
       2
       7
       5
       3
       2
       5
       5
       2
       3
       4
       4
       1
       4
       1
       3
       1
       5
       0
       0
       0
       0
       0
       0
       0
       0
       0
       0
       0
       0
       0
       0
       0
       0
       0
       0
       0
       0
       0
       0
       0
       0
       0
       0
       0
       0
       0
       0
       0
       0
       0
       0
       0
       0
       0
       0
       0
       0
       0
       0
       0
       0
       0
       0
       0
       0
$ROI:
1
3 1022
$PRESETS:
Live Time
240
0
$ENER_FIT:
0.000000 0.000000
$MCA_CAL:
3
0.000000E+000 0.000000E+000 0.000000E+000 
$SHAPE_CAL:
3
0.000000E+000 0.000000E+000 0.000000E+000
