$SPEC_ID:
No sample description was entered.
$SPEC_REM:
DET# 19
DETDESC# WD011-04 Easy-MCA-8k SN 13260150
AP# Maestro Version 7.01
$DATE_MEA:
04/21/2017 17:20:05
$MEAS_TIM:
240 240
$DATA:
0 1023
       0
       0
       0
       0
       0
       0
       0
       0
       0
      16
      56
      68
      76
      74
      59
      67
      73
      76
      67
      76
      63
      79
      68
      75
      55
      62
      81
      81
      85
      66
      75
      68
      78
      80
      92
      74
      90
      69
      61
      90
      84
      82
      85
      89
      82
      90
      77
      92
      88
     105
     109
      85
      98
      85
      96
     108
      80
      96
      97
      91
     102
     119
     101
     114
     104
     116
     120
     117
     113
     117
     122
     134
     116
     130
     113
     124
     139
     134
     131
     143
     151
     156
     142
     171
     160
     193
     161
     185
     155
     156
     195
     189
     194
     170
     195
     189
     188
     209
     233
     196
     226
     209
     217
     215
     215
     231
     214
     185
     208
     249
     203
     205
     238
     212
     208
     205
     210
     223
     219
     213
     209
     206
     261
     213
     229
     226
     206
     216
     200
     228
     220
     238
     229
     223
     212
     224
     227
     234
     235
     213
     197
     226
     207
     187
     228
     218
     233
     203
     199
     213
     202
     206
     214
     210
     227
     223
     227
     187
     207
     196
     171
     214
     197
     226
     222
     215
     218
     173
     199
     200
     180
     205
     185
     185
     180
     191
     187
     188
     169
     182
     177
     196
     170
     181
     202
     208
     184
     172
     221
     187
     162
     198
     153
     185
     171
     205
     172
     151
     189
     160
     173
     204
     160
     174
     175
     179
     188
     173
     175
     188
     140
     175
     173
     164
     190
     166
     164
     163
     162
     184
     179
     174
     171
     160
     159
     179
     153
     173
     172
     173
     176
     178
     170
     147
     166
     161
     144
     168
     157
     170
     165
     156
     169
     142
     154
     165
     154
     151
     156
     134
     139
     142
     146
     132
     144
     136
     127
     114
     136
     135
     129
     146
     151
     133
     132
     124
     139
     126
     107
     105
     132
     141
     142
     133
     120
     121
     115
     118
     111
     119
     115
     125
     140
     125
     116
     144
     115
     106
     150
     134
     125
     128
     129
     132
     123
     138
      78
     117
     115
     114
     102
      95
     125
     121
     108
     102
     103
      97
     116
      89
     107
     106
      83
     114
     109
      96
     113
     110
     106
      87
      95
      87
      89
      88
      85
     101
      96
      94
     107
      91
      93
      89
      85
      85
      68
      85
      93
     105
      80
      98
      84
      88
      88
      99
      99
      96
      78
      93
      72
      95
      95
     106
      91
      85
      91
      82
      76
      89
      80
      84
      93
      84
      85
      79
      78
      92
      95
      82
      76
      80
      94
      90
      77
      77
      95
      80
      68
      68
      75
      60
      79
      83
      80
      69
      94
      69
      79
      63
      78
      83
      83
      84
      67
      93
      74
      84
      85
      86
      85
      94
      74
      77
      79
      84
      57
      70
      79
      90
      80
      84
      70
      80
      84
      72
      94
      75
      82
      85
      68
      83
      69
      69
      83
      86
      75
      65
      69
      68
      74
      61
      80
      79
      80
      69
      73
      56
      90
      68
      78
      93
      63
      63
      64
      66
      68
      65
      79
      68
      77
      75
      79
      76
      74
      78
      51
      74
      63
      74
      72
      69
      76
      75
      77
      58
      75
      82
      76
      62
      66
      56
      79
      93
      76
      77
      73
      58
      75
      66
      71
      84
      66
      72
      62
      74
      71
      72
      84
      68
      62
      53
      74
      67
      67
      61
      73
      53
      62
      61
      87
      97
      69
      62
      73
      70
      70
      77
      70
      63
      59
      73
      66
      60
      63
      76
      76
      75
      65
      65
      81
      68
      69
      76
      70
      69
      59
      63
      72
      58
      68
      65
      80
      61
      72
      80
      65
      55
      65
      61
      51
      56
      61
      56
      57
      48
      54
      49
      55
      57
      61
      39
      50
      55
      44
      50
      54
      43
      42
      45
      58
      38
      38
      34
      34
      45
      31
      25
      47
      30
      23
      44
      26
      40
      39
      23
      20
      35
      32
      22
      36
      31
      42
      29
      20
      21
      29
      26
      38
      30
      21
      21
      28
      28
      37
      24
      28
      27
      31
      23
      25
      25
      21
      17
      17
      29
      20
      18
      30
      27
      29
      17
      19
      24
      12
      22
      20
      24
      24
      28
      16
      29
      11
      10
      20
      17
      17
      17
      20
      18
      11
      22
      25
      22
      13
      15
      20
      23
      22
      19
      12
      20
       9
      11
      14
      18
      16
      20
      13
      18
      10
      16
      15
      16
      10
      10
      14
      22
      12
      14
      18
      14
      10
      16
      14
      11
      12
      10
      15
      14
      14
      18
      10
      11
      12
       9
      17
      13
      23
      21
      13
      15
      18
      19
      15
      21
      19
      11
      17
      13
      10
      17
      10
      14
      12
      15
      17
      16
      19
      13
      21
      19
      19
      23
      15
      23
      21
      21
      24
      22
      33
      27
      26
      23
      35
      35
      30
      23
      33
      28
      29
      27
      37
      40
      39
      44
      44
      46
      57
      41
      46
      64
      68
      68
      61
      69
      74
      83
      98
      77
      81
     119
     107
     124
     123
     119
     155
     126
     152
     159
     182
     164
     190
     195
     194
     221
     193
     221
     238
     209
     249
     244
     219
     261
     268
     278
     288
     291
     311
     297
     291
     286
     306
     330
     322
     330
     350
     341
     353
     329
     344
     338
     369
     363
     376
     362
     356
     327
     330
     339
     321
     324
     322
     307
     321
     318
     285
     260
     300
     284
     292
     265
     246
     231
     238
     223
     197
     207
     204
     177
     183
     169
     180
     156
     155
     142
     112
     123
     113
     117
      99
      89
      71
      85
      82
      98
      64
      60
      64
      63
      47
      35
      34
      37
      27
      34
      29
      29
      31
      18
      24
      18
      16
      17
      16
      13
      12
      14
       7
       7
      11
      11
       5
       7
       6
       7
       2
       8
       8
       4
       6
       5
       4
       4
       7
       6
       4
       2
       6
       6
       9
       3
       5
       8
       3
       1
       1
       4
       2
       4
       3
       9
       6
       3
       1
       2
       5
       3
       7
       5
       4
       2
       4
       6
       1
       4
       7
       3
       5
       2
       6
       4
       4
       1
       6
       8
       5
       3
       3
       7
       7
       7
       7
       4
       2
      10
       2
       4
       3
       6
       0
       5
       6
       2
       2
       3
       2
       2
       4
       0
       5
       0
       7
       3
       4
       2
       5
       3
       4
       5
       3
       9
       3
       1
       3
       4
       3
       5
       4
       6
       7
       7
       3
       1
       4
       3
       6
       3
       5
       7
       5
       4
       2
       4
       6
       3
       5
       3
       2
       5
       3
       4
       3
       2
       2
       4
       3
       2
       0
       0
       0
       0
       0
       0
       0
       0
       0
       0
       0
       0
       0
       0
       0
       0
       0
       0
       0
       0
       0
       0
       0
       0
       0
       0
       0
       0
       0
       0
       0
       0
       0
       0
       0
       0
       0
       0
       0
       0
       0
       0
       0
       0
       0
       0
       0
       0
$ROI:
1
3 1022
$PRESETS:
Live Time
240
0
$ENER_FIT:
0.000000 0.000000
$MCA_CAL:
3
0.000000E+000 0.000000E+000 0.000000E+000 
$SHAPE_CAL:
3
0.000000E+000 0.000000E+000 0.000000E+000
