$SPEC_ID:
No sample description was entered.
$SPEC_REM:
DET# 19
DETDESC# WD011-04 Easy-MCA-8k SN 13260150
AP# Maestro Version 7.01
$DATE_MEA:
04/21/2017 15:49:04
$MEAS_TIM:
240 240
$DATA:
0 1023
       0
       0
       0
       0
       0
       0
       0
       0
       0
      40
     130
     107
     117
      98
     118
     110
      98
     114
     111
     117
     125
     106
     107
     111
     113
     132
     107
     112
     119
      99
     120
     115
     117
     126
     139
     131
     149
     141
     150
     188
     210
     241
     243
     212
     232
     208
     201
     186
     175
     153
     158
     138
     159
     151
     132
     137
     143
     172
     153
     149
     161
     151
     144
     146
     155
     150
     155
     141
     182
     178
     157
     182
     179
     170
     168
     188
     192
     196
     184
     204
     205
     225
     207
     220
     211
     223
     226
     229
     219
     221
     207
     247
     219
     253
     248
     258
     251
     267
     262
     240
     282
     264
     248
     267
     251
     259
     272
     236
     230
     296
     266
     256
     244
     247
     262
     271
     275
     248
     261
     240
     262
     277
     239
     285
     263
     243
     270
     252
     259
     271
     282
     266
     279
     291
     236
     247
     243
     261
     226
     245
     259
     227
     265
     274
     263
     264
     224
     257
     227
     247
     249
     236
     255
     246
     239
     254
     265
     271
     242
     230
     243
     252
     257
     276
     235
     279
     255
     242
     262
     253
     240
     235
     210
     205
     239
     234
     242
     228
     213
     231
     268
     221
     221
     215
     229
     218
     213
     220
     225
     250
     232
     216
     237
     226
     231
     246
     197
     240
     228
     220
     205
     214
     211
     187
     185
     202
     215
     205
     223
     219
     218
     194
     246
     191
     211
     230
     235
     202
     219
     224
     211
     225
     202
     214
     203
     245
     193
     208
     196
     198
     214
     224
     215
     218
     203
     197
     212
     227
     204
     207
     194
     196
     199
     221
     215
     204
     196
     209
     186
     200
     214
     227
     196
     178
     207
     197
     202
     176
     202
     180
     175
     174
     206
     188
     188
     184
     179
     199
     193
     167
     179
     175
     167
     147
     174
     177
     173
     173
     171
     181
     166
     160
     168
     189
     173
     155
     198
     175
     179
     165
     139
     205
     166
     187
     174
     154
     179
     157
     159
     161
     166
     149
     172
     190
     143
     130
     166
     164
     134
     166
     127
     153
     167
     146
     147
     148
     141
     162
     140
     125
     150
     141
     122
     140
     152
     159
     179
     152
     148
     155
     164
     152
     153
     151
     136
     167
     153
     184
     157
     164
     147
     146
     143
     122
     154
     132
     152
     137
     147
     167
     143
     135
     148
     130
     160
     147
     145
     116
     130
     142
     111
     140
     123
     120
     127
     126
     132
     133
     113
     129
     131
     138
     144
     142
     138
     145
     160
     124
     139
     112
     149
     131
     116
     135
     138
     128
     140
     115
     138
     141
     132
     141
     139
     129
     129
     139
     133
     133
     129
     115
     118
     109
     140
     142
     131
     130
     141
     121
     142
     127
     136
     129
     123
     127
     125
     133
     136
     130
     137
     145
     130
     131
     128
     123
     122
     114
     147
     132
     136
     139
     120
     135
     134
     129
     121
     119
     124
     137
     125
     111
     142
     139
     107
     120
     117
     118
     151
     102
     119
     135
     128
     105
     134
     129
     122
     136
     134
     116
     130
     119
     133
     134
     137
     115
     102
     126
     132
     112
     128
     136
     122
     132
     108
     139
     137
     141
     127
     127
     137
     140
     122
     137
     128
     138
     139
     126
     121
     128
     132
     118
     125
     148
     143
     126
     141
     134
     136
     141
     124
     135
     124
     138
     144
     122
     134
     137
     145
     128
     120
     133
     125
     121
     110
     142
     137
     133
     137
     136
     120
     129
     131
     139
     109
     117
     109
     151
     123
     109
     124
     109
     112
     116
     100
     104
     110
     113
      98
      97
     117
     105
     100
      94
     100
      91
     101
      91
     115
      96
      80
      77
      93
      83
      84
      71
      77
      72
      63
      61
      66
      74
      69
      69
      63
      62
      57
      48
      64
      45
      59
      68
      50
      50
      56
      52
      40
      48
      53
      43
      44
      59
      38
      63
      38
      43
      47
      40
      31
      52
      39
      42
      46
      40
      37
      37
      44
      43
      40
      37
      29
      37
      31
      34
      28
      34
      27
      45
      26
      30
      27
      29
      31
      40
      30
      31
      33
      20
      31
      29
      28
      33
      25
      19
      21
      23
      25
      18
      26
      16
      21
      25
      22
      25
      28
      14
      21
      25
      21
      22
      25
      19
      18
      30
      24
      20
      19
      23
      30
      25
      25
      19
      18
      21
      30
      20
      20
      23
      19
      25
      29
      21
      18
      13
      15
      28
      18
      15
      19
      26
      21
      25
      20
      29
      29
      23
      16
      24
      27
      29
      22
      20
      23
      29
      21
      26
      24
      27
      26
      22
      23
      25
      21
      15
      21
      27
      27
      35
      27
      38
      33
      29
      34
      23
      52
      28
      32
      33
      34
      37
      41
      48
      47
      49
      40
      52
      46
      70
      59
      53
      58
      67
      81
      81
      87
      67
     108
     125
     109
     133
     132
     155
     152
     154
     168
     190
     191
     178
     232
     217
     253
     266
     280
     261
     309
     294
     306
     300
     352
     375
     367
     400
     387
     438
     472
     484
     499
     528
     553
     595
     571
     593
     581
     619
     608
     638
     660
     645
     661
     733
     671
     686
     735
     699
     736
     739
     759
     780
     770
     768
     753
     722
     742
     760
     702
     712
     710
     712
     720
     669
     643
     616
     645
     635
     620
     562
     530
     532
     500
     500
     492
     479
     433
     442
     386
     373
     370
     359
     326
     301
     288
     293
     253
     250
     224
     220
     212
     203
     203
     164
     162
     152
     134
     124
     105
     107
     100
      88
      91
      54
      66
      61
      60
      49
      38
      37
      45
      28
      21
      26
      28
      22
      21
      21
      19
      17
      18
      16
       4
      14
      11
      12
       4
      16
       9
       9
       3
       7
       7
       3
       7
       7
       2
       6
      10
       5
       2
       2
       1
       1
       5
       4
       7
       8
       9
       6
      11
       6
       3
       6
       5
       2
       5
       7
       4
       4
       5
       4
       5
       7
       3
       5
       7
       6
       1
       5
       6
       3
      10
       9
       5
       6
       3
       3
       3
       7
       2
       5
       4
       4
       3
       2
       3
       6
       4
       8
       6
       5
       5
       4
       2
       4
       1
       5
       4
       1
       3
       6
       5
       5
       3
       4
       5
       3
       4
       1
       7
       5
       4
       3
       4
       1
       4
       5
       4
       5
       4
       4
       3
       2
       2
       8
       7
       5
       0
       6
       3
       2
       1
       6
       5
       2
       4
       4
       4
       5
       5
       3
       7
       1
       3
       7
       3
       6
       5
       5
       1
       2
       2
       0
       0
       0
       0
       0
       0
       0
       0
       0
       0
       0
       0
       0
       0
       0
       0
       0
       0
       0
       0
       0
       0
       0
       0
       0
       0
       0
       0
       0
       0
       0
       0
       0
       0
       0
       0
       0
       0
       0
       0
       0
       0
       0
       0
       0
       0
       0
$ROI:
1
3 1022
$PRESETS:
Live Time
240
0
$ENER_FIT:
0.000000 0.000000
$MCA_CAL:
3
0.000000E+000 0.000000E+000 0.000000E+000 
$SHAPE_CAL:
3
0.000000E+000 0.000000E+000 0.000000E+000
