$SPEC_ID:
No sample description was entered.
$SPEC_REM:
DET# 19
DETDESC# WD011-04 Easy-MCA-8k SN 13260150
AP# Maestro Version 7.01
$DATE_MEA:
04/21/2017 17:26:23
$MEAS_TIM:
240 240
$DATA:
0 1023
       0
       0
       0
       0
       0
       0
       0
       0
       1
      44
      79
      73
      75
      72
      64
      73
      67
      77
      69
      60
      75
      70
      73
      74
      79
      63
      75
      71
      66
      82
      75
      76
      88
      79
      78
      82
      84
      88
      85
      99
      89
      90
      90
      87
      81
      98
     100
     109
      92
     102
      90
      89
      91
      71
     122
     105
     117
     102
      99
      78
     116
     123
      89
     119
     117
     121
     111
     122
     119
     128
     118
     137
     122
     107
     141
     145
     137
     123
     137
     125
     182
     140
     165
     163
     153
     154
     171
     170
     188
     173
     191
     193
     212
     232
     184
     203
     207
     219
     211
     191
     188
     214
     212
     213
     226
     221
     198
     218
     230
     234
     246
     215
     220
     210
     217
     236
     232
     218
     186
     240
     222
     236
     236
     236
     239
     223
     222
     195
     227
     231
     231
     222
     226
     211
     208
     218
     223
     207
     228
     230
     222
     197
     215
     214
     213
     212
     223
     207
     208
     209
     193
     192
     207
     219
     217
     210
     186
     204
     187
     207
     168
     219
     228
     206
     201
     218
     194
     201
     200
     209
     197
     205
     191
     190
     202
     176
     201
     198
     213
     215
     207
     219
     219
     186
     201
     187
     199
     159
     179
     156
     187
     204
     196
     186
     170
     169
     178
     204
     193
     175
     183
     185
     198
     145
     177
     189
     171
     161
     171
     175
     211
     149
     172
     183
     167
     181
     164
     174
     180
     181
     172
     160
     176
     173
     189
     155
     184
     185
     177
     191
     163
     178
     175
     145
     149
     144
     155
     169
     159
     174
     155
     166
     153
     176
     180
     160
     172
     161
     140
     166
     163
     159
     166
     152
     146
     149
     147
     122
     153
     145
     154
     131
     149
     131
     118
     152
     124
     163
     124
     142
     150
     119
     126
     149
     137
     135
     114
     145
     111
     126
     129
     131
     106
     108
     119
     131
     109
     129
     102
     113
     124
     122
     117
     129
     126
     123
     136
     113
     106
     141
     113
     121
     130
      98
      98
      97
     104
      97
     105
     114
     112
     121
     112
     113
     102
      91
     101
     110
      98
     101
     107
     100
     115
     104
      97
      80
     113
      86
     100
      92
      96
      83
      98
      97
      93
     107
      86
     100
     108
     102
      93
      95
      93
      95
     105
      84
     103
      86
      86
      86
      68
      95
     109
      81
      79
      86
      85
      80
      95
      92
      94
     110
      83
      70
      95
     100
     103
      79
      90
      89
      95
     106
      98
      98
      89
      86
     100
      78
      78
      64
      82
      73
      79
      89
      96
      69
      77
      96
      89
      86
      83
      80
      72
      75
      98
      69
      77
      89
      86
      65
     101
      69
      65
      79
      93
      92
      89
      76
      94
      66
      78
      96
      90
      85
      86
      87
      80
      89
      75
      78
      79
      72
      76
      70
      75
      78
      80
      83
      78
      77
      72
      80
      95
      92
      74
      64
      63
      60
      83
      76
      82
      72
      77
      81
      77
      80
      80
      73
      83
      72
      78
      68
      70
      84
      80
      88
      65
      75
      67
      78
      83
      60
      76
      72
      70
      58
      71
      72
      71
      78
      66
      76
      75
      89
      79
      84
      75
      72
      67
      73
      78
      86
      89
      78
      69
      79
      87
      80
      70
      75
      78
      79
      71
      77
      74
      71
      70
      75
      65
      81
      66
      75
      65
      73
      70
      65
      72
      87
      58
      75
      68
      82
      69
      82
      65
      77
      74
      85
      78
      78
      68
      79
      83
      82
      69
      79
      65
      63
      88
      64
      62
      78
      61
      69
      67
      62
      66
      78
      59
      65
      63
      59
      73
      50
      57
      57
      56
      55
      43
      47
      52
      47
      52
      39
      44
      40
      31
      42
      36
      31
      39
      43
      40
      48
      42
      35
      38
      30
      36
      38
      41
      28
      45
      24
      23
      31
      34
      32
      42
      21
      29
      35
      29
      32
      28
      26
      26
      28
      27
      25
      27
      20
      31
      27
      30
      29
      30
      20
      22
      31
      22
      22
      25
      21
      29
      28
      23
      32
      29
      23
      33
      26
      25
      18
      27
      20
      18
      20
      19
      21
      22
      22
      13
      28
      13
      20
      17
      17
      20
      19
      22
      18
      20
      15
      24
      20
      19
      14
      17
      12
      16
      21
      19
      13
      19
      14
      11
      21
      14
      12
      18
      18
      20
      11
      15
      21
      12
      19
      18
      19
      17
      22
      14
      18
      14
      16
      14
      19
      13
      13
      22
      14
      20
      16
      23
      14
      11
      22
      19
      17
      18
      17
       8
      16
      14
      15
      18
      25
      19
      13
      14
      26
      15
      22
      26
      17
      17
      18
      21
      12
      17
      14
      25
      20
      24
      25
      18
      24
      22
      27
      27
      20
      25
      30
      24
      29
      34
      29
      35
      28
      35
      33
      49
      48
      49
      50
      56
      51
      42
      80
      60
      69
      74
      83
      70
      81
      93
      97
     112
     114
     104
     130
     121
     146
     137
     143
     164
     165
     144
     165
     194
     184
     220
     207
     215
     245
     230
     247
     258
     254
     302
     252
     299
     290
     325
     310
     304
     348
     359
     327
     358
     355
     325
     357
     364
     351
     342
     362
     360
     371
     395
     372
     362
     374
     374
     379
     369
     354
     360
     364
     355
     361
     326
     300
     300
     306
     299
     294
     269
     262
     280
     271
     245
     224
     226
     211
     222
     190
     175
     183
     174
     159
     150
     142
     153
     123
     117
     103
     106
     108
      79
      74
      78
      79
      73
      43
      55
      68
      53
      45
      45
      43
      35
      35
      28
      32
      31
      28
      22
      13
      18
       9
      19
      12
      13
       7
      13
      13
      11
       9
       7
      13
      11
       9
       8
       9
       5
       4
       8
       6
       7
       4
       8
       6
       4
       2
       5
       6
       4
       4
       4
       3
       3
      10
       9
       2
       5
       2
       5
       8
       7
       7
       5
       4
       8
       4
       4
       4
       3
       6
       2
       2
       4
       4
       1
       4
       6
       6
       5
       8
       2
       5
       7
       6
       5
       4
       2
       3
       5
       4
       4
       2
       7
       2
       2
       7
       2
       6
       7
       2
       4
       5
       2
       8
       4
       4
       4
       2
       4
       5
       5
       6
       7
       6
       9
      14
       5
       2
       5
       1
       3
       4
       6
       3
       3
       9
       5
       2
       2
       3
       4
       2
       6
       2
       8
       6
       6
       1
       2
       6
       4
       3
       3
       5
       4
       4
       2
       2
       3
       4
       2
       8
       2
       4
       2
       2
       0
       0
       0
       0
       0
       0
       0
       0
       0
       0
       0
       0
       0
       0
       0
       0
       0
       0
       0
       0
       0
       0
       0
       0
       0
       0
       0
       0
       0
       0
       0
       0
       0
       0
       0
       0
       0
       0
       0
       0
       0
       0
       0
       0
       0
       0
       0
       0
$ROI:
1
3 1022
$PRESETS:
Live Time
240
0
$ENER_FIT:
0.000000 0.000000
$MCA_CAL:
3
0.000000E+000 0.000000E+000 0.000000E+000 
$SHAPE_CAL:
3
0.000000E+000 0.000000E+000 0.000000E+000
