$SPEC_ID:
No sample description was entered.
$SPEC_REM:
DET# 19
DETDESC# WD011-04 Easy-MCA-8k SN 13260150
AP# Maestro Version 7.01
$DATE_MEA:
04/21/2017 16:44:38
$MEAS_TIM:
240 240
$DATA:
0 1023
       0
       0
       0
       0
       0
       0
       0
       0
       0
      18
      54
      52
      51
      37
      48
      73
      63
      77
      40
      59
      57
      58
      63
      34
      62
      62
      53
      57
      53
      69
      58
      72
      66
      58
      67
      67
      79
      79
      72
     101
      83
      84
     107
     101
     124
      98
      66
      78
      76
      97
      96
      80
      95
      81
      99
      81
      80
      84
      91
      81
      85
     105
      98
      83
     100
     111
      83
     104
     101
     118
     115
      91
     118
     108
     108
     126
     112
     129
     142
     145
     127
     140
     136
     137
     129
     152
     152
     160
     154
     170
     176
     152
     187
     170
     199
     206
     169
     187
     218
     166
     194
     216
     205
     207
     210
     208
     190
     190
     163
     192
     197
     200
     194
     212
     234
     208
     219
     224
     204
     213
     214
     198
     202
     217
     200
     209
     210
     213
     215
     192
     194
     207
     224
     184
     211
     204
     232
     192
     195
     193
     186
     223
     220
     184
     213
     205
     166
     193
     220
     208
     185
     168
     213
     189
     198
     167
     189
     171
     226
     180
     182
     187
     184
     177
     196
     201
     190
     209
     199
     203
     184
     181
     190
     191
     191
     185
     162
     204
     178
     195
     162
     162
     166
     165
     166
     167
     184
     181
     201
     162
     166
     163
     176
     191
     180
     181
     174
     172
     199
     181
     144
     182
     157
     144
     147
     162
     175
     134
     141
     161
     156
     158
     138
     148
     155
     135
     165
     141
     152
     169
     166
     153
     147
     167
     149
     176
     173
     148
     144
     140
     178
     129
     144
     144
     165
     145
     140
     145
     153
     136
     134
     177
     155
     129
     144
     144
     139
     138
     144
     136
     154
     149
     131
     126
     130
     122
     136
     139
     128
     124
     156
     127
     123
     123
     142
     131
     127
     120
     118
     109
      93
     128
     111
     109
      99
     121
     123
     103
     115
     106
     116
     123
     104
     105
      98
     100
     110
     118
     113
     114
      90
     113
      94
     116
     112
     113
     103
      99
     100
      94
     118
     112
      94
      96
      91
      91
      98
      88
      94
     102
      78
      93
      88
      96
      82
      86
     109
      78
      92
      84
      82
      73
      91
      90
      90
      75
      78
      82
      89
      97
      84
      96
     105
      89
      89
      77
      83
      59
      74
      79
      74
      67
      81
      73
      75
      89
      83
      78
      63
      70
      74
      81
      67
      71
      61
      75
      65
      89
      72
      74
      81
      94
      69
      68
      65
      68
      77
      68
      72
      57
      61
      65
      61
      64
      61
      71
      72
      63
      70
      68
      69
      61
      66
      67
      66
      63
      63
      61
      63
      70
      70
      63
      75
      52
      73
      58
      66
      64
      63
      60
      54
      69
      63
      78
      74
      72
      52
      59
      66
      67
      53
      58
      65
      62
      52
      64
      68
      53
      48
      62
      77
      57
      72
      60
      51
      69
      54
      49
      64
      74
      60
      62
      63
      72
      48
      48
      59
      65
      38
      64
      46
      65
      69
      53
      65
      55
      58
      53
      58
      61
      56
      67
      53
      58
      60
      56
      57
      56
      66
      65
      53
      61
      53
      58
      62
      60
      46
      57
      56
      57
      62
      52
      64
      41
      57
      55
      56
      52
      49
      42
      58
      65
      50
      51
      48
      53
      52
      65
      56
      59
      56
      52
      57
      51
      58
      49
      64
      48
      57
      60
      51
      48
      56
      64
      47
      53
      52
      62
      50
      57
      49
      60
      55
      47
      42
      70
      60
      54
      49
      56
      58
      63
      38
      52
      47
      55
      69
      58
      47
      59
      51
      52
      45
      41
      42
      44
      57
      53
      45
      45
      55
      32
      54
      41
      44
      47
      38
      38
      40
      43
      41
      42
      39
      35
      44
      44
      35
      38
      36
      30
      32
      29
      36
      35
      26
      26
      41
      19
      24
      36
      29
      33
      26
      33
      17
      23
      26
      22
      19
      20
      20
      26
      30
      30
      26
      33
      21
      14
      22
      17
      17
      22
      18
      18
      25
      29
      23
      37
      21
      21
      20
      20
      25
      13
      18
      17
      21
      19
      24
      22
      11
      16
      20
      16
      18
      15
      15
      18
      14
      22
      20
      17
      20
      15
      14
      15
      17
      11
      18
      16
      15
      17
      14
      13
      13
      10
      28
      12
      14
      13
      12
      15
      12
      12
      20
      17
      14
      13
      17
      15
      14
      13
       4
      11
      15
      23
      11
      17
      14
      16
      10
      13
       7
      18
      22
      12
      13
      14
      18
      15
      17
       7
      10
      17
      21
      15
      16
      14
      16
      23
      25
      14
      15
      13
      17
      16
      22
      16
      18
      18
      12
      12
      18
      18
      20
      17
      18
      14
      14
      17
      16
      18
      14
      17
      18
      19
      17
      19
      13
      14
      12
      21
      21
      30
      24
      26
      18
      24
      24
      27
      28
      21
      30
      37
      25
      40
      31
      38
      29
      56
      39
      61
      54
      52
      54
      54
      68
      66
      68
      60
      60
      66
      77
      78
      95
     108
      94
     111
     112
     118
     107
     118
     114
     138
     133
     117
     149
     161
     175
     180
     173
     173
     184
     203
     183
     224
     207
     207
     224
     226
     230
     239
     238
     249
     234
     240
     251
     238
     265
     235
     220
     231
     222
     232
     271
     244
     242
     237
     200
     216
     230
     238
     209
     206
     225
     232
     203
     202
     177
     170
     181
     175
     177
     159
     156
     144
     129
     135
     142
     107
     113
     116
      79
      65
      76
      68
      71
      65
      67
      67
      53
      68
      55
      54
      57
      50
      30
      40
      28
      37
      34
      18
      20
      14
      26
      19
      18
      13
      18
      12
       8
      13
      10
      12
       8
      10
       2
      10
      10
       4
       9
       4
       6
       4
       5
       1
       3
       9
       6
       3
       6
       5
       7
       5
       5
       5
       5
       3
       8
       3
       7
       7
       5
       2
       2
       6
      13
       4
       3
       4
       4
       2
       3
       6
       7
       5
       9
       4
       2
       5
       5
       6
       5
       5
       2
       8
       7
       4
       3
       3
       9
       3
       4
       5
       3
       4
       5
       5
       2
       9
       2
       9
       2
       5
       4
       2
       6
       0
       3
       4
       4
       6
       3
       5
       4
       6
       3
       3
       4
       7
       4
       1
       4
       5
       6
       1
       4
       2
       4
       9
       3
       6
       1
       2
       5
       3
       2
       2
       3
       4
       4
       1
       6
       3
       8
       7
       1
       4
       5
       3
       8
       5
       6
       2
       3
       1
       3
       3
       3
       6
       2
       5
       5
       3
       4
       5
       0
       0
       0
       0
       0
       0
       0
       0
       0
       0
       0
       0
       0
       0
       0
       0
       0
       0
       0
       0
       0
       0
       0
       0
       0
       0
       0
       0
       0
       0
       0
       0
       0
       0
       0
       0
       0
       0
       0
       0
       0
       0
       0
       0
       0
       0
       0
       0
$ROI:
1
3 1022
$PRESETS:
Live Time
240
0
$ENER_FIT:
0.000000 0.000000
$MCA_CAL:
3
0.000000E+000 0.000000E+000 0.000000E+000 
$SHAPE_CAL:
3
0.000000E+000 0.000000E+000 0.000000E+000
