$SPEC_ID:
No sample description was entered.
$SPEC_REM:
DET# 19
DETDESC# WD011-04 Easy-MCA-8k SN 13260150
AP# Maestro Version 7.01
$DATE_MEA:
04/21/2017 16:26:21
$MEAS_TIM:
240 240
$DATA:
0 1023
       0
       0
       0
       0
       0
       0
       0
       0
       0
      57
     127
     141
     119
     118
     109
     117
     115
      91
     107
     109
     122
     121
     131
     120
     120
     118
     110
     106
     119
     110
     129
     113
     127
     114
     119
     130
     137
     138
     128
     170
     152
     161
     178
     181
     176
     179
     198
     179
     192
     156
     175
     141
     160
     161
     117
     171
     167
     164
     155
     139
     139
     156
     173
     159
     163
     156
     148
     161
     165
     185
     192
     190
     165
     189
     159
     165
     184
     215
     196
     192
     199
     214
     210
     219
     224
     201
     202
     217
     220
     265
     207
     219
     233
     256
     225
     239
     275
     245
     261
     273
     277
     254
     297
     253
     261
     266
     255
     253
     273
     268
     266
     263
     276
     289
     266
     289
     290
     260
     257
     264
     279
     293
     282
     264
     250
     282
     256
     241
     224
     300
     273
     262
     267
     299
     290
     265
     283
     262
     262
     254
     269
     255
     269
     272
     288
     245
     244
     256
     279
     274
     251
     268
     280
     219
     232
     234
     254
     255
     232
     249
     248
     272
     255
     253
     267
     256
     257
     280
     276
     273
     244
     246
     245
     247
     253
     243
     240
     260
     254
     250
     223
     279
     283
     234
     240
     244
     224
     241
     248
     229
     203
     225
     228
     246
     235
     223
     242
     213
     228
     207
     203
     230
     231
     229
     242
     246
     230
     257
     211
     225
     217
     233
     217
     223
     200
     210
     238
     235
     217
     215
     193
     240
     213
     234
     235
     238
     221
     228
     244
     227
     218
     229
     201
     242
     263
     210
     213
     234
     200
     209
     247
     218
     226
     216
     209
     230
     228
     200
     225
     204
     206
     193
     212
     215
     198
     186
     211
     214
     201
     180
     189
     198
     202
     235
     168
     196
     192
     182
     212
     185
     196
     175
     189
     205
     184
     176
     178
     185
     189
     194
     180
     191
     183
     183
     181
     162
     156
     173
     180
     164
     171
     171
     167
     174
     177
     166
     200
     171
     167
     182
     167
     168
     181
     149
     159
     172
     145
     174
     159
     179
     155
     166
     149
     142
     144
     129
     160
     162
     144
     151
     167
     149
     153
     159
     167
     153
     153
     134
     168
     172
     148
     148
     154
     149
     162
     153
     154
     150
     169
     146
     150
     132
     147
     152
     127
     143
     151
     135
     150
     149
     140
     158
     174
     157
     149
     174
     141
     161
     128
     152
     152
     130
     172
     133
     134
     135
     141
     140
     144
     159
     146
     159
     158
     158
     125
     146
     143
     130
     153
     140
     168
     137
     131
     133
     140
     125
     142
     148
     145
     129
     114
     157
     102
     117
     128
     150
     120
     123
     140
     125
     137
     151
     138
     123
     138
     129
     150
     111
     145
     122
     123
     137
     129
     150
     122
     135
     148
     130
     146
     144
     127
     137
     120
     123
     140
     124
     140
     120
     138
     132
     111
     109
     134
     115
     118
     122
     138
     140
     131
     133
     126
     129
     128
     139
     123
     143
     150
     130
     117
     149
     127
     131
     116
     119
     134
     130
     121
     130
     137
     130
     127
     130
     152
     119
     152
     122
     124
     121
     137
     117
     145
     123
     142
     137
     125
     123
     158
     153
     152
     134
     129
     122
     120
     129
     113
     137
     119
     133
     164
     132
     124
     126
     107
     136
     135
     136
     131
     140
     148
     140
     140
     143
     147
     153
     126
     128
     124
     135
     139
     144
     135
     140
     134
     119
     127
     126
     130
     134
     136
     123
     134
     113
     121
     140
     104
     136
     132
     131
     136
     131
     113
     117
     108
     112
     115
     115
     115
     115
     115
     116
     117
     112
      87
      97
      80
      94
      89
      86
     109
      72
      82
      96
      88
      87
      96
      84
      74
      75
      74
      76
      79
      72
      67
      71
      55
      56
      68
      57
      54
      68
      59
      47
      59
      61
      53
      42
      58
      48
      57
      36
      48
      43
      37
      43
      54
      46
      48
      45
      49
      39
      36
      40
      47
      37
      37
      48
      42
      48
      39
      35
      33
      34
      34
      34
      29
      39
      31
      33
      23
      29
      43
      37
      32
      45
      33
      30
      37
      22
      30
      28
      26
      34
      33
      20
      30
      21
      33
      29
      24
      34
      28
      31
      24
      32
      27
      26
      40
      17
      26
      30
      20
      21
      16
      26
      31
      18
      35
      18
      25
      24
      14
      21
      29
      32
      20
      19
      26
      16
      13
      24
      20
      16
      18
      26
      24
      23
      29
      23
      18
      23
      19
      26
      24
      26
      19
      20
      31
      18
      22
      25
      15
      29
      22
      22
      20
      22
      25
      19
      15
      21
      25
      30
      30
      33
      29
      34
      35
      24
      23
      33
      35
      28
      16
      30
      31
      35
      30
      32
      35
      37
      37
      47
      53
      39
      42
      61
      63
      75
      69
      70
      75
      98
      83
      88
     115
     113
     128
     110
     117
     119
     143
     140
     185
     169
     176
     192
     215
     200
     264
     236
     227
     255
     265
     306
     339
     328
     363
     363
     370
     392
     431
     396
     428
     456
     492
     495
     492
     557
     510
     542
     560
     634
     683
     598
     666
     624
     679
     702
     735
     717
     727
     777
     724
     715
     737
     789
     786
     709
     807
     741
     777
     779
     771
     711
     728
     718
     721
     721
     711
     660
     654
     671
     656
     708
     605
     567
     536
     518
     586
     499
     494
     441
     441
     431
     413
     405
     366
     359
     349
     315
     290
     253
     274
     236
     233
     196
     193
     210
     185
     138
     166
     139
     127
     107
     102
      88
      92
      76
      83
      74
      71
      66
      50
      50
      47
      48
      38
      26
      32
      29
      27
      21
      15
      19
      25
      24
      11
      20
      10
      12
      12
      14
       9
      14
       9
      11
      11
       8
      11
       4
       6
       6
       8
       5
       9
       1
       6
       5
       2
       6
       6
       4
       6
       4
       5
       4
       3
       4
       9
       4
       7
       3
       2
       7
       8
       2
       1
       5
       5
       6
       4
       6
       1
       6
       6
       6
       0
       6
       2
       4
       2
       5
       6
       1
       3
       2
       8
       6
       4
       7
       2
       3
       5
       7
       5
       7
       4
       2
       4
       4
       2
       6
       4
       4
       7
       3
       6
       2
       6
       7
       4
       6
       2
       1
       3
       2
       5
       2
       3
       2
       2
       2
       3
       2
       2
       5
       3
      10
       5
       1
       1
       2
       5
       4
       2
       3
       5
       2
       3
       1
       5
       3
       3
       3
       2
       3
       2
       5
       4
       2
       5
       2
       4
       3
       5
       3
       0
       1
       0
       0
       0
       0
       0
       0
       0
       0
       0
       0
       0
       0
       0
       0
       0
       0
       1
       0
       0
       0
       0
       0
       0
       0
       0
       0
       0
       0
       0
       0
       0
       0
       0
       0
       0
       0
       0
       0
       0
       0
       0
       0
       0
       0
       0
       0
$ROI:
1
3 1022
$PRESETS:
Live Time
240
0
$ENER_FIT:
0.000000 0.000000
$MCA_CAL:
3
0.000000E+000 0.000000E+000 0.000000E+000 
$SHAPE_CAL:
3
0.000000E+000 0.000000E+000 0.000000E+000
