$SPEC_ID:
No sample description was entered.
$SPEC_REM:
DET# 19
DETDESC# WD011-04 Easy-MCA-8k SN 13260150
AP# Maestro Version 7.01
$DATE_MEA:
04/21/2017 15:39:18
$MEAS_TIM:
240 240
$DATA:
0 1023
       0
       0
       0
       0
       0
       0
       0
       0
       0
      42
     112
      97
     110
     112
     121
     102
      96
     102
     115
      99
     104
     103
     116
     130
     110
     120
     112
     101
     122
     121
     118
     116
     125
     103
     117
     136
     143
     122
     133
     149
     191
     212
     213
     258
     191
     230
     183
     181
     166
     147
     148
     178
     157
     154
     142
     165
     173
     145
     158
     132
     134
     159
     143
     175
     133
     130
     163
     152
     154
     152
     181
     173
     177
     173
     137
     193
     192
     200
     200
     179
     206
     170
     197
     188
     214
     210
     207
     203
     225
     219
     221
     254
     215
     264
     240
     254
     212
     254
     236
     257
     256
     264
     245
     261
     247
     263
     250
     249
     242
     286
     255
     255
     266
     274
     266
     272
     252
     254
     252
     257
     246
     283
     282
     262
     224
     263
     256
     282
     270
     276
     281
     260
     248
     263
     258
     230
     276
     286
     282
     228
     256
     261
     264
     264
     267
     243
     220
     265
     279
     248
     246
     252
     273
     227
     263
     256
     249
     249
     244
     244
     247
     260
     216
     250
     226
     247
     250
     246
     256
     234
     237
     218
     257
     216
     246
     246
     228
     209
     241
     217
     211
     230
     239
     218
     218
     204
     227
     252
     236
     238
     228
     216
     222
     199
     214
     198
     238
     237
     229
     220
     201
     224
     195
     210
     221
     214
     235
     211
     218
     216
     225
     191
     207
     221
     208
     214
     213
     208
     219
     210
     225
     229
     211
     190
     222
     208
     206
     236
     196
     201
     229
     201
     225
     216
     209
     210
     200
     224
     206
     191
     193
     223
     215
     234
     196
     197
     214
     208
     198
     212
     215
     207
     188
     195
     191
     167
     205
     170
     202
     182
     204
     191
     187
     211
     193
     209
     184
     169
     216
     189
     181
     166
     189
     193
     160
     157
     183
     178
     181
     194
     172
     180
     202
     164
     179
     150
     185
     176
     192
     150
     182
     136
     189
     149
     163
     166
     174
     173
     170
     174
     181
     178
     164
     167
     173
     178
     184
     152
     179
     163
     155
     151
     161
     172
     148
     157
     138
     140
     142
     129
     145
     141
     142
     132
     143
     129
     160
     144
     151
     160
     151
     147
     131
     154
     132
     139
     158
     142
     134
     148
     153
     128
     155
     142
     142
     120
     165
     146
     135
     162
     136
     132
     146
     105
     123
     125
     152
     131
     149
     132
     143
     128
     120
     155
     125
     160
     143
     135
     145
     125
     121
     141
     147
     129
     131
     144
     135
     127
     135
     140
     150
     131
     133
     141
     139
     150
     154
     138
     133
     133
     123
     131
     116
     127
     129
     143
     135
     116
     131
     133
     131
     125
     142
     128
     130
     135
     114
     125
     146
     133
     133
     127
     139
      99
     138
     144
     118
     136
     130
     111
     122
     132
     125
     136
     128
     129
     147
     136
     134
     126
     119
     129
     118
     118
     128
     143
     112
     128
     136
     116
     133
     112
     115
     126
     109
     131
     135
     132
     121
     117
     120
      96
     133
     112
     125
     122
     133
     158
     132
     132
     106
     132
     137
     136
     132
     127
     104
     127
     141
     135
     126
     102
     134
     134
     141
     121
     129
     116
     133
     135
     128
     135
     124
     146
     139
     118
     129
     130
     129
     115
     129
     140
     135
     122
     118
      99
     127
     121
     116
     140
     147
     129
     134
     140
     125
     138
     111
     138
     135
     132
     136
     129
     133
     125
     151
     130
     141
     119
     125
     127
     138
     118
     125
     145
     130
     131
     118
     116
     111
     112
     124
     120
     118
     139
     109
     124
     112
     108
     100
     102
     119
     111
      92
     106
     117
      96
      94
      92
      86
      76
      75
      76
      75
      72
      57
      84
      83
      76
      76
      65
      71
      71
      68
      48
      63
      51
      64
      60
      63
      49
      53
      61
      56
      49
      42
      46
      53
      58
      47
      45
      40
      53
      44
      53
      33
      37
      44
      46
      43
      47
      49
      33
      36
      42
      38
      35
      49
      28
      32
      44
      42
      34
      29
      40
      43
      19
      28
      24
      40
      26
      34
      42
      24
      32
      36
      30
      28
      34
      26
      24
      26
      26
      28
      19
      34
      31
      36
      26
      25
      36
      30
      35
      29
      29
      29
      22
      28
      26
      21
      22
      20
      19
      28
      31
      23
      26
      17
      34
      25
      24
      28
      25
      23
      22
      26
      23
      21
      23
      28
      19
      27
      24
      21
      28
      20
      28
      22
      16
      23
      20
      18
      20
      18
      22
      26
      35
      24
      24
      31
      15
      33
      15
      19
      32
      18
      26
      21
      21
      19
      27
      30
      26
      28
      31
      31
      24
      32
      31
      23
      26
      32
      44
      21
      32
      38
      26
      41
      43
      38
      55
      43
      49
      67
      46
      46
      48
      65
      56
      60
      63
      73
      97
      95
      94
     105
     108
     141
     136
     130
     150
     143
     173
     171
     188
     212
     174
     233
     231
     231
     254
     267
     269
     310
     282
     372
     378
     337
     356
     401
     422
     429
     463
     493
     500
     539
     512
     529
     553
     526
     588
     604
     624
     633
     691
     683
     659
     667
     732
     685
     724
     712
     721
     727
     716
     786
     706
     729
     812
     732
     745
     772
     727
     735
     715
     709
     692
     668
     654
     656
     599
     622
     673
     551
     551
     531
     535
     493
     502
     465
     463
     469
     412
     433
     359
     349
     367
     327
     309
     311
     254
     275
     239
     226
     231
     194
     207
     182
     164
     142
     134
     118
     136
     102
      98
      89
      81
      54
      83
      60
      55
      53
      61
      47
      46
      30
      37
      35
      34
      22
      18
      30
      19
      14
      19
      17
      16
       9
      16
      12
      11
       7
      11
       7
      13
      10
       9
       6
       2
       3
       1
       5
       5
       3
       6
       2
       3
       4
       6
       6
       3
       5
       5
       2
      11
       3
       3
       2
       5
       6
       6
       2
       4
       6
       6
       6
       9
       6
       2
       9
       3
       7
       6
       9
       4
       9
      11
       4
       3
       2
       1
       3
      11
       2
       3
       7
       7
       5
      10
       7
       5
       5
       2
       2
       6
      11
       3
       1
       2
       4
       6
       2
       5
       8
       2
       5
       5
       5
       2
       6
       5
       4
       6
       2
       2
       7
       7
       3
       7
       3
       4
       5
       1
       2
       6
       1
       2
       1
      10
       3
       3
       4
       3
       6
       4
       0
       5
       7
       1
       1
       4
       3
       4
       5
       1
       5
       4
       3
       3
       2
       3
       4
       5
       3
       2
       3
       0
       0
       0
       0
       0
       0
       0
       0
       0
       0
       0
       0
       0
       0
       0
       0
       0
       0
       0
       0
       0
       0
       0
       0
       0
       0
       0
       0
       0
       0
       0
       0
       0
       0
       0
       0
       0
       0
       0
       0
       0
       0
       0
       0
       0
       0
       0
       0
       0
$ROI:
1
3 1022
$PRESETS:
Live Time
240
0
$ENER_FIT:
0.000000 0.000000
$MCA_CAL:
3
0.000000E+000 0.000000E+000 0.000000E+000 
$SHAPE_CAL:
3
0.000000E+000 0.000000E+000 0.000000E+000
