$SPEC_ID:
No sample description was entered.
$SPEC_REM:
DET# 19
DETDESC# WD011-04 Easy-MCA-8k SN 13260150
AP# Maestro Version 7.01
$DATE_MEA:
04/21/2017 16:32:08
$MEAS_TIM:
240 240
$DATA:
0 1023
       0
       0
       0
       0
       0
       0
       0
       0
       0
      24
      87
     102
      98
      82
      99
     105
      86
      91
      91
     102
     106
     106
      99
      86
     113
     109
      97
      83
     104
     102
     109
     108
     104
      86
     124
     104
      91
     126
     118
     130
     131
     159
     167
     122
     155
     154
     150
     138
     147
     125
     138
     149
     131
     135
     137
     118
     122
     135
     132
     134
     124
     117
     164
     137
     152
     134
     142
     170
     180
     137
     155
     144
     155
     171
     167
     160
     161
     174
     167
     164
     166
     191
     177
     189
     216
     196
     220
     205
     227
     198
     214
     219
     227
     230
     219
     199
     249
     264
     245
     229
     243
     253
     291
     245
     220
     259
     246
     241
     244
     257
     236
     263
     213
     241
     268
     256
     261
     266
     248
     249
     277
     248
     262
     252
     250
     283
     266
     248
     263
     222
     259
     231
     271
     237
     278
     251
     260
     271
     244
     246
     260
     254
     256
     253
     246
     219
     241
     264
     242
     248
     230
     256
     244
     240
     267
     270
     230
     245
     245
     230
     246
     225
     249
     245
     226
     269
     259
     251
     234
     249
     255
     216
     234
     215
     245
     223
     214
     239
     201
     232
     240
     254
     214
     251
     218
     229
     216
     223
     206
     218
     212
     204
     264
     215
     207
     197
     201
     203
     182
     226
     256
     238
     245
     223
     207
     182
     208
     233
     205
     226
     202
     191
     202
     215
     231
     212
     205
     201
     208
     202
     202
     207
     207
     208
     177
     206
     211
     193
     224
     205
     212
     240
     206
     190
     199
     216
     221
     198
     192
     209
     217
     208
     206
     191
     178
     196
     204
     204
     194
     222
     186
     200
     191
     183
     180
     193
     175
     183
     184
     161
     166
     169
     182
     192
     170
     174
     165
     169
     175
     149
     178
     164
     150
     166
     140
     165
     168
     160
     171
     150
     188
     159
     148
     164
     157
     174
     136
     170
     167
     172
     165
     148
     180
     124
     147
     170
     156
     136
     130
     149
     161
     163
     144
     137
     148
     152
     147
     157
     137
     136
     151
     152
     137
     145
     126
     139
     143
     145
     130
     142
     126
     137
     143
     137
     135
     139
     137
     136
     150
     134
     125
     126
     126
     149
     127
     132
     127
     126
     123
     135
     126
     154
     144
     138
     133
     124
     144
     127
     125
     132
     119
     114
     124
     116
     129
     114
     126
     128
     137
     135
     115
     138
     124
     143
     103
     116
     122
     124
     131
     120
     102
     125
     108
     108
     111
     107
      94
     111
     123
     133
     114
     104
     111
     114
     113
      99
     125
     108
      99
     113
     126
     123
     102
     123
     117
     110
     136
     109
     123
     117
     107
     134
     104
     120
     105
      98
     109
     116
     115
     117
      93
      99
      94
     111
     118
     129
     119
      96
     110
     112
     125
     102
     112
     105
     108
     119
     140
     109
     105
     116
     107
     106
     109
     120
     105
     109
     103
     101
      99
     106
     116
     115
     112
     108
      89
     107
     104
      93
      97
     117
     113
      91
      88
     114
     109
     109
     118
     100
     104
     119
     103
     111
     111
     121
      98
     113
     113
     131
     106
     114
     126
     120
      96
     117
     103
     102
     105
     117
      97
     106
     120
      96
     105
      97
      94
      95
     114
     111
     105
     121
     102
     113
     100
     114
     121
     102
     114
     102
      88
     114
     100
      97
     106
     112
     103
     111
     114
      97
     112
      95
     107
      96
     110
     106
      94
      99
     126
     110
      92
     114
     109
     106
     102
     122
     116
     112
     110
      94
     121
      98
      99
      90
     112
      88
      94
     108
      92
     102
      92
     105
      80
      82
      85
      85
      82
      70
      83
      84
      57
      70
      78
      77
      66
      54
      72
      69
      75
      65
      60
      70
      61
      48
      61
      57
      43
      51
      59
      70
      40
      47
      44
      40
      34
      39
      47
      50
      37
      48
      43
      50
      50
      35
      50
      43
      40
      54
      36
      39
      39
      33
      33
      33
      44
      33
      31
      42
      25
      30
      27
      29
      25
      25
      38
      25
      29
      34
      29
      36
      35
      20
      23
      33
      24
      26
      28
      34
      19
      23
      27
      23
      36
      28
      21
      27
      29
      27
      26
      21
      28
      21
      21
      21
      17
      30
      19
      30
      27
      13
      16
      19
      23
      21
      21
      17
      22
      20
      20
      17
      16
      15
      24
      25
      17
       9
      15
      18
      17
      16
      22
      20
      29
      26
      17
      13
      18
      18
      14
      19
      24
      21
      16
      26
      12
      27
      26
      20
      15
       9
      21
      16
      21
      21
      16
      21
      24
      12
      23
      25
      20
      16
      17
      21
      27
      14
      22
      22
      24
      25
      31
      21
      27
      34
      22
      34
      32
      27
      27
      31
      36
      36
      40
      41
      36
      45
      39
      62
      51
      52
      48
      67
      68
      77
      79
      83
      86
      91
      92
     109
     119
      99
     122
     117
     112
     138
     141
     161
     154
     170
     184
     209
     205
     212
     239
     247
     244
     259
     264
     283
     307
     319
     350
     322
     345
     363
     372
     374
     365
     395
     472
     452
     461
     454
     460
     498
     513
     493
     557
     554
     534
     584
     537
     600
     609
     574
     571
     551
     571
     567
     594
     634
     603
     609
     631
     563
     572
     560
     523
     533
     533
     580
     552
     509
     484
     516
     467
     465
     460
     432
     424
     390
     375
     400
     366
     358
     332
     296
     325
     253
     270
     244
     242
     209
     224
     185
     180
     195
     156
     141
     147
     137
     127
     126
     108
     103
      87
      69
      81
      62
      62
      77
      71
      42
      67
      42
      40
      36
      33
      29
      35
      25
      30
      24
      24
      27
      20
      16
      18
      14
      12
       7
      13
      10
       8
      11
       6
       4
       7
       7
      10
       6
       4
       6
       8
       7
       5
       8
       7
       5
      11
       1
       6
       1
       6
       6
       5
       6
       5
       6
       8
       5
       2
       5
       2
       3
       4
       4
       3
       3
       7
       8
       4
       2
       4
      10
       3
       6
       3
       3
       8
       3
       1
       6
       4
       8
       4
       2
       9
       3
       3
       6
       4
       4
       5
       5
       4
       5
       5
       6
       4
       7
       4
       5
       3
       4
       4
       3
       7
       2
       2
       6
       4
       2
       5
       4
       4
       7
       4
       4
       3
       2
       2
       6
       5
       5
       2
       7
       4
       2
       4
       4
       3
       1
       4
       4
       1
       1
       1
       4
       4
       4
       1
       9
       9
       3
       2
       1
       5
       4
       2
       6
       0
       0
       4
       3
       1
       5
       0
       0
       0
       0
       0
       0
       0
       0
       0
       0
       0
       0
       0
       0
       0
       0
       0
       0
       0
       0
       0
       0
       0
       0
       0
       0
       0
       0
       0
       0
       0
       0
       0
       0
       0
       0
       0
       0
       0
       0
       0
       0
       0
       0
       0
       0
       0
       0
$ROI:
1
3 1022
$PRESETS:
Live Time
240
0
$ENER_FIT:
0.000000 0.000000
$MCA_CAL:
3
0.000000E+000 0.000000E+000 0.000000E+000 
$SHAPE_CAL:
3
0.000000E+000 0.000000E+000 0.000000E+000
