$SPEC_ID:
No sample description was entered.
$SPEC_REM:
DET# 19
DETDESC# WD011-04 Easy-MCA-8k SN 13260150
AP# Maestro Version 7.01
$DATE_MEA:
04/21/2017 17:31:56
$MEAS_TIM:
240 240
$DATA:
0 1023
       0
       0
       0
       0
       0
       0
       0
       0
       0
      24
      66
      66
      64
      69
      69
      69
      69
      69
      58
      63
      69
      70
      72
      79
      63
      73
      82
      94
      76
      63
      81
      77
      82
      79
      94
      80
      92
      86
      81
      99
     101
      89
      96
      94
      95
     109
     100
     124
      83
      94
      79
      71
      91
     110
      99
     104
     107
     108
     110
     117
     117
      92
     119
     110
     120
     110
     129
     121
     123
     109
     120
     135
     140
     129
     127
     130
     128
     121
     152
     155
     141
     188
     167
     158
     158
     169
     182
     156
     155
     195
     182
     179
     210
     189
     212
     209
     197
     213
     225
     211
     227
     196
     196
     195
     231
     221
     198
     210
     206
     198
     233
     232
     207
     229
     205
     220
     223
     214
     192
     218
     190
     205
     219
     219
     182
     196
     232
     201
     233
     224
     209
     206
     217
     241
     214
     223
     204
     215
     221
     200
     218
     204
     216
     205
     215
     220
     209
     201
     211
     202
     218
     226
     217
     201
     203
     181
     227
     200
     204
     208
     224
     214
     192
     199
     187
     216
     214
     205
     203
     213
     181
     229
     223
     208
     208
     184
     192
     210
     172
     197
     192
     166
     201
     192
     185
     180
     217
     166
     185
     193
     166
     198
     189
     187
     182
     176
     182
     180
     184
     174
     181
     173
     163
     191
     163
     163
     179
     154
     172
     175
     164
     175
     176
     187
     145
     174
     178
     162
     178
     177
     163
     158
     139
     173
     165
     181
     151
     170
     188
     182
     167
     158
     158
     173
     199
     137
     168
     175
     150
     171
     165
     155
     157
     144
     161
     139
     152
     170
     158
     140
     163
     155
     154
     149
     140
     145
     147
     155
     158
     141
     161
     144
     152
     141
     154
     128
     127
     142
     134
     117
     118
     121
     135
     134
     152
     126
     153
     134
     134
     141
     140
     136
     115
     161
     125
     119
     114
     130
     119
     151
     127
     121
     104
     129
     123
     120
     106
     127
     101
      99
     131
     100
     124
     100
     103
     112
     103
      78
     114
     102
     122
     100
     114
     100
      91
     104
     102
      95
     105
      91
      91
     105
      85
     114
     100
     101
      95
     106
     113
      89
     106
      75
      91
      86
      98
      84
      99
      86
      92
     102
      99
      92
     107
     106
     100
      93
      87
      94
     102
     102
      91
      91
      81
      96
      91
      74
      72
      97
      70
      89
      91
      73
      85
      97
     100
      94
      92
      89
      92
      95
      95
      82
      86
      91
      92
      83
      93
      77
      91
      84
      91
      72
      83
      76
      94
      94
      84
      75
      83
      75
      84
      91
      97
      78
      96
      86
     100
      85
      74
      95
      91
      79
      85
      89
      82
      94
      80
      71
      81
      86
     113
      96
      75
      85
      77
      78
      69
      94
      86
      76
      79
      81
      69
     103
      89
      92
      83
      78
      85
      87
      79
      91
      84
      89
      77
      72
      82
      95
      94
      85
      67
      78
      77
      80
      70
      68
      74
      78
      84
      63
      78
      81
      56
      88
      77
      82
      82
      83
      78
      67
      77
      64
      69
      74
      78
      76
      82
      67
      92
      82
      93
      73
      78
      62
      84
      92
      73
      77
      80
      59
      68
      79
      84
      76
      69
      62
      62
      83
      74
      66
      89
      72
      79
      94
      65
      71
      81
      77
      73
      78
      80
     101
      84
      74
      74
      63
      80
      81
      82
      70
      82
      69
      94
      80
      76
      94
      59
      86
      87
      78
      86
      79
      65
      65
      90
      71
      73
      66
      76
      79
      84
      81
      70
      64
      59
      67
      81
      66
      69
      68
      57
      71
      84
      62
      57
      49
      57
      61
      47
      59
      60
      63
      46
      62
      47
      46
      61
      47
      43
      51
      52
      48
      34
      44
      49
      44
      40
      50
      27
      44
      48
      35
      27
      30
      36
      29
      52
      30
      37
      28
      30
      31
      28
      42
      24
      26
      41
      22
      24
      34
      25
      26
      23
      25
      37
      29
      20
      21
      20
      22
      18
      23
      24
      23
      26
      27
      23
      19
      31
      29
      24
      21
      23
      24
      21
      27
      22
      16
      20
      17
      23
      19
      22
      19
      20
      19
      22
      16
      24
      17
      14
      28
      16
      17
      12
      12
      15
      17
      20
      13
      17
      18
      10
      23
      11
      24
      20
      17
      10
      12
      12
      14
      24
      16
      22
      19
       9
      17
      15
      16
      23
      17
      19
      25
      15
      12
      17
      10
      12
      13
      14
       8
      18
      24
      17
      21
      14
      17
      19
      21
      17
      13
      16
      12
      23
      12
      22
      17
      17
      13
      11
      16
      22
      23
      15
      13
      24
      17
      16
      21
      23
      21
      23
      22
      33
      19
      13
      23
      21
      26
      23
      24
      33
      33
      28
      34
      32
      42
      35
      38
      34
      41
      44
      38
      45
      49
      53
      56
      56
      63
      75
      76
      77
      56
      71
     107
      76
     103
     106
     108
     101
     106
     105
     140
     145
     152
     158
     157
     186
     183
     181
     219
     208
     210
     213
     226
     245
     232
     245
     298
     277
     270
     270
     277
     278
     349
     332
     325
     322
     336
     322
     352
     339
     325
     345
     376
     387
     334
     373
     365
     417
     360
     345
     382
     353
     345
     408
     399
     360
     375
     339
     351
     346
     342
     327
     328
     324
     303
     296
     286
     287
     286
     275
     275
     240
     236
     229
     222
     209
     221
     190
     195
     178
     152
     145
     144
     143
     124
     116
     125
     114
     106
      85
      86
      94
      75
      69
      71
      70
      53
      66
      45
      50
      42
      41
      42
      39
      28
      29
      24
      28
      19
      24
      19
      26
      25
      18
      14
      21
       9
      14
       8
      12
      12
       8
      13
       5
       6
       5
       3
      10
       6
       7
       3
       4
       5
       7
       5
       3
       5
       5
       3
       3
       5
       3
       9
       9
       4
       4
       8
       2
       2
       2
       5
       9
       5
       7
       4
       5
       1
       2
       2
       4
       3
       7
       5
      13
       4
       4
       1
       3
       2
       2
       4
       5
       0
       4
       3
       4
       1
       3
       8
       6
       3
       6
       3
       5
       3
       7
       3
       5
       6
       5
       5
       7
       6
       2
       5
       2
       4
       2
       6
       3
       6
       2
       5
       6
       2
       3
       4
       3
       9
       2
       6
       5
       1
       5
       9
       5
       2
       7
       7
       4
       8
       2
       3
       1
       5
       1
       2
       3
       0
       2
       2
       4
       5
       4
       1
       6
       4
       2
       1
       2
       7
       1
       1
       0
       0
       0
       0
       0
       0
       0
       0
       0
       0
       0
       0
       0
       0
       0
       0
       0
       0
       0
       0
       0
       0
       0
       0
       0
       0
       0
       0
       0
       0
       0
       0
       0
       0
       0
       0
       0
       0
       0
       0
       0
       0
       0
       0
       0
       0
       0
       0
$ROI:
1
3 1022
$PRESETS:
Live Time
240
0
$ENER_FIT:
0.000000 0.000000
$MCA_CAL:
3
0.000000E+000 0.000000E+000 0.000000E+000 
$SHAPE_CAL:
3
0.000000E+000 0.000000E+000 0.000000E+000
