$SPEC_ID:
No sample description was entered.
$SPEC_REM:
DET# 19
DETDESC# WD011-04 Easy-MCA-8k SN 13260150
AP# Maestro Version 7.01
$DATE_MEA:
04/21/2017 16:37:50
$MEAS_TIM:
240 240
$DATA:
0 1023
       0
       0
       0
       0
       0
       0
       0
       0
       0
      31
      79
      67
      75
      84
      90
      98
      61
      83
      79
      72
      82
      93
      84
      83
      88
      85
      86
      75
      87
      76
      91
      93
      76
      95
      83
      86
      97
      99
      95
     102
     125
     116
     134
     138
     138
     131
     128
     122
     112
     134
     107
     113
     131
      93
     123
      89
     119
     111
     129
     129
     101
     117
     107
     120
     124
     147
     118
     127
     135
     147
     134
     136
     142
     156
     135
     144
     157
     166
     149
     173
     140
     147
     177
     158
     187
     189
     199
     197
     201
     212
     191
     190
     205
     236
     199
     191
     204
     257
     224
     228
     208
     211
     220
     206
     234
     223
     206
     217
     254
     261
     253
     221
     238
     243
     237
     232
     243
     243
     249
     245
     206
     242
     238
     223
     248
     254
     222
     226
     231
     225
     256
     216
     227
     227
     226
     237
     225
     216
     251
     213
     217
     236
     222
     268
     240
     224
     236
     236
     231
     210
     229
     230
     211
     248
     218
     240
     211
     217
     205
     223
     206
     231
     212
     228
     207
     253
     216
     234
     199
     243
     206
     241
     236
     224
     196
     217
     200
     221
     221
     203
     217
     210
     188
     214
     214
     205
     200
     235
     180
     201
     225
     204
     199
     197
     206
     210
     182
     198
     193
     195
     152
     198
     197
     228
     193
     194
     194
     184
     178
     188
     185
     175
     204
     204
     210
     183
     194
     192
     170
     183
     167
     197
     184
     182
     210
     185
     196
     172
     170
     164
     202
     171
     179
     183
     202
     184
     200
     166
     190
     209
     204
     175
     163
     215
     190
     190
     164
     187
     148
     166
     172
     175
     167
     142
     151
     187
     164
     163
     162
     171
     155
     164
     163
     146
     140
     148
     157
     161
     150
     163
     126
     133
     152
     153
     149
     139
     131
     136
     154
     141
     140
     144
     154
     152
     112
     145
     149
     147
     125
     130
     123
     141
     145
     140
     132
     116
     136
     136
     117
     124
     114
     117
     143
     145
     137
     130
     134
     122
     130
     120
     151
     123
     126
     125
     128
     116
     109
     131
     111
     105
     113
     131
      93
     129
     119
     126
     105
     105
     102
     135
     111
     119
     127
      95
     101
     122
     118
     119
     104
     116
     108
      97
     110
     107
      78
     114
     112
      96
     114
      95
     104
     103
      82
      94
      89
     114
      83
     119
     103
     108
      90
     118
      96
     108
     100
      76
     100
     120
     130
     128
     105
     106
      81
      94
     102
     110
     108
     100
      99
     108
      89
     113
      90
     103
      78
      90
      99
      97
      90
     104
      98
      85
     102
      88
     102
      91
      89
     107
     108
     102
      86
      95
      88
      86
     112
      75
      81
      92
      96
      96
      98
      98
     100
      93
      89
     103
      95
      83
     100
      97
      99
      92
      97
      90
      92
      96
      86
      98
     102
      86
      83
      76
      84
      82
      95
      75
      94
      87
      94
      84
      96
      89
      78
      90
      93
     100
      97
      89
     100
      74
      90
     101
      86
     104
     103
      80
      96
     106
     113
      92
      81
      75
      95
     101
      82
      77
      76
      70
      92
     104
      85
      92
      84
      86
     110
      84
      95
      93
      84
      86
      77
      82
      90
      88
      74
      99
      84
      90
      85
      99
      84
      85
      79
      90
      83
      72
     109
      81
      86
      85
      94
     105
      93
      89
     103
      96
      80
      83
     107
      93
      90
      88
      71
     103
      90
      94
      94
      78
      90
      86
      93
      98
      84
      76
      96
      81
      81
      73
      79
      79
      70
      84
      84
      84
      89
      78
      67
      75
      91
      76
      72
      80
      74
      64
      77
      62
      71
      70
      68
      66
      54
      59
      72
      42
      48
      53
      57
      57
      55
      45
      43
      61
      42
      50
      38
      43
      47
      43
      45
      39
      46
      36
      41
      38
      31
      40
      31
      37
      26
      43
      34
      24
      34
      39
      26
      43
      34
      30
      37
      24
      38
      36
      34
      28
      24
      31
      27
      44
      24
      26
      27
      32
      33
      22
      28
      26
      26
      22
      28
      30
      19
      22
      25
      27
      33
      26
      25
      19
      22
      17
      10
      16
      20
      21
      20
      15
      24
      14
      15
      16
      17
      24
      20
      16
      18
      14
      24
      18
      16
      26
      17
      28
      14
      17
      17
      15
      20
      24
      20
      20
      11
      23
      16
      18
      19
      16
      14
      15
      16
      14
      22
      12
      13
      17
      16
      16
      19
      16
      15
      17
      24
      15
      21
      19
      18
      19
      20
      20
      15
      13
      15
      25
      15
      14
      12
      24
      17
      21
      18
      17
      24
      13
       8
      23
      23
      29
      15
      17
      25
      25
      25
      23
      28
      26
      16
      23
      25
      21
      23
      30
      35
      31
      38
      31
      39
      39
      39
      40
      29
      27
      39
      44
      49
      59
      57
      75
      57
      70
      94
      90
      78
      78
      88
      91
     113
     101
     107
     128
     137
     141
     177
     142
     151
     188
     187
     199
     195
     218
     243
     245
     231
     255
     268
     265
     319
     305
     316
     328
     332
     357
     354
     353
     364
     425
     385
     404
     419
     404
     424
     436
     450
     524
     478
     454
     469
     483
     482
     496
     468
     476
     500
     488
     470
     521
     439
     463
     465
     440
     467
     430
     450
     408
     398
     423
     388
     363
     330
     372
     320
     385
     326
     329
     302
     273
     291
     264
     233
     267
     216
     210
     236
     179
     178
     202
     146
     155
     136
     116
     138
     102
      93
      92
      98
      92
      76
      80
      65
      59
      58
      51
      45
      51
      39
      32
      29
      38
      25
      30
      26
      18
      23
      27
      19
      17
      12
      13
      10
       8
      17
      14
      11
       9
       5
      10
       6
       8
       7
       7
       7
       5
       4
       6
       4
       4
       7
       5
       4
       8
       6
       3
       3
       5
       3
       3
       4
       4
       4
       4
       1
       6
       6
       3
       3
       3
      10
       4
       4
       6
       9
       3
       5
       3
       3
       3
       1
       6
       0
       3
       2
       6
       5
       4
       1
       6
       4
       5
       3
       4
       7
       2
       1
       4
       3
       8
       4
       3
       4
       4
       4
       5
       3
       6
       5
       4
       4
       5
       4
       4
       3
       2
       3
       2
       5
       4
       1
       4
       3
       2
       4
       2
       1
       4
       8
       2
       2
       6
       4
       4
       3
       7
       3
       7
       4
       7
       5
       4
       8
       2
       7
       7
       3
       4
       2
       4
       2
       7
       6
       5
       4
       6
       6
       4
       3
       2
       7
       1
       0
       0
       0
       0
       0
       0
       0
       0
       0
       0
       0
       0
       0
       0
       0
       0
       0
       0
       0
       0
       0
       0
       0
       0
       0
       0
       0
       0
       0
       0
       0
       0
       0
       0
       0
       0
       0
       0
       0
       0
       0
       0
       0
       0
       0
       0
       0
       0
$ROI:
1
3 1022
$PRESETS:
Live Time
240
0
$ENER_FIT:
0.000000 0.000000
$MCA_CAL:
3
0.000000E+000 0.000000E+000 0.000000E+000 
$SHAPE_CAL:
3
0.000000E+000 0.000000E+000 0.000000E+000
