$SPEC_ID:
No sample description was entered.
$SPEC_REM:
DET# 19
DETDESC# WD011-04 Easy-MCA-8k SN 13260150
AP# Maestro Version 7.01
$DATE_MEA:
04/21/2017 15:33:48
$MEAS_TIM:
240 240
$DATA:
0 1023
       0
       0
       0
       0
       0
       0
       0
       0
       0
      33
     103
      96
      86
     110
     104
      84
      91
      69
      88
      91
      86
      95
      81
      75
      93
      91
      86
      96
      90
      89
     101
     111
     102
     117
     109
     108
      97
     113
     135
     151
     146
     176
     201
     206
     202
     187
     130
     160
     152
     120
     102
     123
     122
     109
     106
     122
     123
     129
     126
     120
     118
     125
     143
     137
     131
     129
     136
     161
     134
     134
     146
     130
     156
     157
     152
     167
     160
     160
     178
     174
     197
     172
     154
     184
     190
     197
     189
     201
     166
     215
     204
     214
     217
     204
     212
     238
     251
     222
     220
     245
     245
     254
     204
     252
     236
     256
     228
     234
     220
     227
     240
     266
     224
     250
     230
     240
     238
     238
     260
     235
     231
     239
     230
     248
     269
     248
     248
     228
     220
     240
     207
     247
     242
     224
     232
     223
     243
     245
     221
     247
     241
     208
     233
     230
     209
     248
     250
     224
     236
     213
     224
     246
     221
     217
     231
     240
     202
     219
     203
     225
     231
     245
     243
     210
     232
     232
     240
     201
     208
     195
     211
     194
     193
     199
     218
     209
     206
     202
     218
     220
     197
     192
     208
     192
     214
     224
     209
     200
     216
     185
     198
     181
     204
     204
     234
     206
     194
     188
     209
     185
     192
     186
     204
     178
     175
     196
     213
     201
     204
     178
     185
     213
     186
     206
     183
     196
     189
     197
     164
     188
     187
     182
     181
     178
     190
     211
     185
     209
     184
     191
     194
     182
     177
     163
     157
     175
     195
     182
     179
     174
     199
     197
     182
     180
     192
     173
     163
     172
     166
     177
     144
     176
     156
     172
     157
     161
     161
     167
     156
     183
     163
     158
     183
     194
     181
     152
     154
     152
     167
     168
     159
     176
     167
     156
     160
     133
     154
     167
     174
     131
     155
     147
     131
     144
     128
     148
     142
     138
     129
     160
     147
     139
     147
     142
     148
     154
     147
     133
     128
     123
     131
     136
     143
     134
     129
     128
     129
     135
     113
     127
     139
     137
     116
     128
     138
     126
     128
     146
     129
     118
     140
     137
     123
     116
     106
     137
     104
     134
     121
     121
     108
     128
     119
     145
     111
     114
     128
     127
     107
     126
     111
     147
     124
     112
     104
     128
     109
     144
     107
      94
     122
      96
     118
     122
     145
     100
     103
     100
     110
     109
     113
     111
     117
     124
     103
     110
     126
     115
     125
     122
     114
     118
      95
     123
     116
      90
      97
     109
     125
     117
     116
     121
     117
     114
     105
     101
     118
     119
     102
     117
     105
     126
      92
     116
     107
     108
     113
     109
     108
     115
      94
      93
     108
     105
     109
     108
      98
     101
     119
     113
     102
     105
     110
     103
      91
     101
      96
     114
      98
     103
     129
      91
     104
     107
      84
     100
     129
     104
      99
     100
     115
      81
     100
     106
      83
      91
     100
      95
      93
      92
     100
      89
      94
     106
     101
      95
     107
      84
      97
      87
      82
     100
     102
      82
     102
      86
     117
     107
      88
     107
     107
     107
      99
      94
     102
      81
      91
     112
      84
     110
      91
     107
     108
     100
      84
     105
     118
     111
     103
      82
      99
     120
     116
      94
     111
     112
     105
     102
     118
     108
      96
     101
     111
      98
      91
     101
     106
      76
     105
     116
     112
     110
      98
     111
     103
     102
      88
      91
     120
     108
     103
     109
     102
     107
     104
     103
     111
     109
      94
      97
      95
      82
     106
      97
     102
      86
      89
      98
     104
      99
      89
     113
      67
      87
      86
      74
      69
      62
      89
      80
      80
      81
      86
      82
      76
      64
      72
      87
      67
      66
      57
      54
      55
      54
      58
      52
      57
      60
      52
      63
      52
      52
      40
      47
      45
      39
      40
      38
      53
      30
      30
      47
      41
      35
      32
      34
      47
      36
      39
      45
      29
      38
      28
      34
      35
      42
      42
      34
      27
      22
      39
      32
      26
      21
      28
      20
      34
      26
      30
      35
      28
      32
      27
      27
      27
      24
      27
      28
      30
      33
      37
      27
      27
      13
      30
      16
      23
      17
      28
      25
      25
      16
      19
      11
      16
      30
      22
      20
      18
      23
      23
      21
      21
      19
      21
      30
      17
      10
      24
      24
      15
      17
      21
      22
      19
      23
      16
      23
      22
      17
      25
      23
      11
      16
      15
      19
      22
      16
      20
      18
      20
      24
      10
      15
      18
      24
      23
      20
      16
      20
      16
      15
      22
      20
      24
      30
      26
      18
      10
      20
      11
      17
      27
      12
      20
      18
      13
      24
      25
      16
      22
      20
      20
      31
      23
      23
      26
      24
      31
      31
      26
      20
      36
      30
      28
      29
      33
      41
      37
      33
      33
      46
      62
      41
      41
      53
      65
      47
      54
      66
      77
      69
      93
      82
      98
      90
     118
      99
     116
     130
     119
     146
     152
     167
     159
     158
     188
     183
     216
     215
     201
     235
     251
     254
     299
     285
     291
     333
     332
     305
     331
     413
     366
     392
     389
     385
     442
     416
     444
     450
     485
     445
     490
     532
     536
     505
     535
     543
     561
     496
     563
     548
     586
     573
     568
     570
     539
     538
     589
     568
     532
     563
     572
     512
     493
     506
     530
     496
     467
     455
     472
     458
     436
     429
     392
     427
     367
     347
     345
     333
     323
     283
     309
     264
     249
     275
     238
     251
     192
     178
     185
     179
     165
     144
     142
     132
     160
     117
     115
     112
     102
      85
      85
      80
      75
      71
      60
      52
      46
      45
      48
      32
      31
      37
      17
      26
      18
      20
      13
      22
      19
      14
      10
       8
      13
      17
       5
      11
       7
      17
       7
       8
       9
       8
       2
      10
       6
      10
       5
       9
       9
       7
       7
       6
       3
       6
       5
       8
       5
       7
       2
       5
       4
       4
       6
       7
       5
       2
       5
       6
       6
      10
       3
       4
       3
       9
       3
       4
       8
       3
       5
       3
       3
       5
       1
       5
       2
       2
       2
       5
       3
       5
       4
       4
       4
       5
       4
       8
       3
       7
       4
       5
       9
       5
       5
       6
       1
       2
       3
       4
       4
       2
       0
       6
       4
       8
       4
       2
       5
       2
       4
       6
       7
       6
       3
       4
       1
       2
       2
       3
       4
       5
       6
       4
       4
       4
       3
       4
       0
       3
       3
       7
       3
       2
       1
       3
       3
       2
       1
       6
       2
       4
       0
       3
       3
       3
       4
       3
       4
       4
       3
       2
       5
       6
       0
       1
       0
       0
       0
       0
       0
       0
       0
       0
       0
       0
       0
       0
       0
       0
       0
       0
       0
       0
       0
       0
       0
       0
       0
       0
       0
       0
       0
       0
       0
       0
       0
       0
       0
       0
       0
       0
       0
       0
       0
       0
       0
       0
       0
       0
       0
       0
       0
       0
$ROI:
1
3 1022
$PRESETS:
Live Time
240
0
$ENER_FIT:
0.000000 0.000000
$MCA_CAL:
3
0.000000E+000 0.000000E+000 0.000000E+000 
$SHAPE_CAL:
3
0.000000E+000 0.000000E+000 0.000000E+000
