$SPEC_ID:
No sample description was entered.
$SPEC_REM:
DET# 19
DETDESC# WD011-04 Easy-MCA-8k SN 13260150
AP# Maestro Version 7.01
$DATE_MEA:
04/21/2017 15:17:00
$MEAS_TIM:
300 301
$DATA:
0 1023
       0
       0
       0
       0
       0
       0
       0
       0
       2
      77
     216
     174
     136
     136
     146
     151
     132
     139
     139
     173
     161
     165
     157
     131
     156
     149
     159
     198
     174
     157
     191
     172
     180
     212
     207
     233
     268
     380
     548
     713
     999
    1155
    1380
    1409
    1315
    1053
     940
     719
     586
     420
     366
     330
     256
     267
     209
     219
     218
     198
     191
     171
     180
     187
     193
     224
     194
     222
     198
     212
     230
     233
     260
     223
     212
     250
     234
     257
     220
     237
     260
     259
     260
     271
     258
     278
     268
     267
     272
     261
     290
     322
     298
     270
     291
     304
     299
     298
     360
     372
     344
     328
     341
     347
     306
     350
     347
     338
     340
     354
     319
     332
     325
     328
     339
     315
     299
     330
     362
     343
     362
     321
     349
     340
     334
     344
     329
     370
     330
     328
     332
     306
     323
     337
     304
     356
     343
     299
     327
     309
     337
     334
     331
     313
     341
     312
     334
     334
     334
     333
     322
     306
     331
     281
     335
     311
     308
     343
     315
     369
     333
     322
     307
     322
     303
     295
     337
     314
     302
     313
     323
     329
     312
     302
     291
     323
     302
     328
     307
     312
     275
     307
     299
     280
     307
     287
     278
     304
     319
     300
     318
     297
     327
     303
     309
     285
     283
     295
     279
     286
     290
     276
     271
     310
     270
     284
     273
     267
     283
     293
     288
     295
     285
     263
     248
     277
     257
     294
     256
     283
     275
     284
     266
     248
     243
     254
     280
     267
     260
     266
     287
     332
     271
     280
     260
     267
     302
     279
     269
     291
     266
     283
     261
     284
     263
     249
     258
     295
     269
     251
     263
     266
     268
     248
     257
     251
     257
     247
     227
     259
     249
     252
     261
     242
     256
     235
     238
     234
     238
     239
     237
     246
     260
     232
     211
     234
     221
     241
     274
     226
     229
     234
     250
     225
     225
     220
     231
     209
     214
     216
     209
     239
     230
     210
     223
     222
     226
     217
     196
     199
     209
     211
     213
     192
     199
     196
     210
     224
     222
     206
     209
     212
     207
     210
     231
     191
     213
     225
     211
     212
     205
     177
     191
     215
     197
     192
     188
     188
     214
     191
     222
     178
     192
     187
     198
     159
     184
     170
     162
     182
     187
     186
     213
     173
     183
     210
     173
     200
     212
     187
     163
     226
     177
     190
     175
     188
     169
     166
     195
     189
     166
     189
     195
     177
     192
     200
     175
     171
     193
     193
     170
     162
     177
     164
     190
     185
     184
     184
     174
     186
     193
     186
     165
     165
     169
     169
     160
     165
     168
     143
     164
     176
     191
     167
     188
     163
     163
     153
     175
     166
     168
     166
     168
     163
     144
     191
     185
     175
     172
     166
     177
     161
     170
     172
     198
     180
     175
     161
     192
     164
     164
     189
     161
     179
     175
     171
     168
     176
     144
     192
     167
     169
     191
     146
     142
     173
     159
     184
     171
     172
     178
     188
     171
     201
     185
     191
     187
     186
     177
     161
     150
     179
     167
     175
     133
     164
     165
     153
     180
     179
     170
     153
     161
     191
     151
     152
     160
     141
     160
     197
     147
     171
     186
     184
     175
     145
     148
     184
     157
     177
     176
     190
     180
     163
     159
     188
     157
     164
     180
     198
     151
     209
     167
     155
     188
     178
     182
     174
     172
     187
     178
     183
     143
     172
     193
     170
     180
     198
     173
     187
     206
     166
     171
     163
     147
     180
     205
     169
     183
     168
     190
     163
     198
     167
     179
     146
     185
     187
     150
     180
     159
     166
     139
     145
     139
     149
     143
     147
     173
     139
     136
     129
     127
     125
     118
     145
     141
     106
     114
      98
     120
     106
     115
     115
     108
     105
     110
      95
      97
      81
      88
     105
      90
      86
     102
      74
      74
      71
      88
      74
      75
      60
      66
      70
      67
      69
      58
      62
      64
      65
      65
      58
      61
      69
      61
      58
      53
      69
      60
      45
      63
      54
      57
      44
      47
      56
      45
      46
      44
      42
      62
      40
      49
      35
      55
      50
      34
      32
      49
      34
      55
      36
      33
      44
      39
      40
      44
      35
      35
      36
      30
      36
      29
      29
      25
      38
      43
      24
      20
      42
      23
      21
      34
      30
      25
      28
      41
      31
      34
      24
      27
      40
      25
      22
      31
      27
      25
      25
      25
      19
      34
      32
      24
      28
      28
      26
      24
      25
      33
      26
      19
      23
      30
      24
      29
      22
      24
      33
      22
      26
      34
      23
      27
      23
      30
      29
      18
      23
      36
      33
      31
      27
      15
      33
      24
      32
      28
      31
      22
      21
      26
      28
      32
      28
      34
      26
      49
      38
      32
      34
      41
      47
      34
      32
      43
      42
      45
      45
      61
      58
      58
      55
      56
      61
      67
      72
      96
      94
      93
      97
     114
     123
     130
     139
     154
     155
     177
     193
     194
     214
     198
     189
     222
     265
     254
     274
     293
     329
     327
     360
     364
     390
     416
     402
     426
     470
     473
     524
     522
     596
     574
     620
     608
     662
     671
     706
     705
     755
     742
     801
     800
     813
     811
     882
     955
     915
     951
     946
     993
     908
     930
     988
    1027
     945
     953
     994
    1059
     947
    1029
     980
    1009
     946
     931
     964
     959
     907
     831
     881
     897
     811
     788
     820
     738
     769
     748
     685
     673
     626
     629
     614
     591
     557
     506
     499
     474
     437
     409
     431
     400
     371
     325
     312
     308
     314
     231
     256
     244
     208
     196
     182
     177
     152
     131
     139
     125
      94
     100
     115
      78
      70
      62
      59
      60
      50
      53
      57
      42
      26
      29
      34
      31
      34
      16
      21
      26
      17
       9
      12
      26
       6
       8
       9
       5
       8
       9
      11
      10
       8
       7
       5
       7
       7
       4
       6
       5
       5
       3
       3
       9
       5
       8
       5
       5
       7
       9
       9
       2
       5
       5
       3
       3
       5
       8
       3
       6
       7
       6
       6
       8
       5
       6
       4
       7
       6
       9
       5
       7
       6
       5
       4
       5
       9
       6
       3
       9
       7
       4
       7
       3
      11
       2
       3
       4
       7
       9
       7
       5
       4
       4
       7
       4
       3
       6
       6
       2
       6
       4
       7
       6
       5
       3
       7
       4
       6
       3
       2
       4
       4
       5
       6
       4
       3
       4
       3
       9
       1
       5
       4
       7
       3
       0
       3
       8
       4
       3
       6
       7
       6
       4
       6
       8
       7
       3
       2
       3
       3
       9
       2
       7
       4
       7
       2
       3
       7
       6
       7
       6
       2
       0
       0
       0
       0
       0
       0
       0
       0
       0
       0
       0
       0
       1
       0
       1
       0
       0
       0
       0
       0
       0
       0
       0
       0
       0
       0
       0
       0
       0
       0
       0
       0
       0
       0
       0
       0
       0
       0
       0
       0
       0
       0
       0
       0
       0
       0
       0
       0
$ROI:
1
3 1022
$PRESETS:
Live Time
300
0
$ENER_FIT:
0.000000 0.000000
$MCA_CAL:
3
0.000000E+000 0.000000E+000 0.000000E+000 
$SHAPE_CAL:
3
0.000000E+000 0.000000E+000 0.000000E+000
