$SPEC_ID:
No sample description was entered.
$SPEC_REM:
DET# 18
DETDESC# WD011-04 Easy-MCA-8k SN 13260152
AP# Maestro Version 7.01
$DATE_MEA:
04/21/2017 15:16:59
$MEAS_TIM:
300 300
$DATA:
0 1023
       0
       0
       0
       0
       0
       0
       0
       0
       4
      55
      79
      33
      19
      17
      28
      42
      42
      15
      13
       7
       6
       9
       6
      11
       6
       5
       6
       7
       4
      12
      14
      10
      12
       5
       8
      10
      14
      15
       8
       6
      12
      21
      12
      12
      10
      12
      17
      14
       9
      16
      12
      11
      14
       9
       8
       7
      12
       9
      15
       7
       9
       8
       8
      14
      16
       9
      13
      15
      10
      13
      15
      12
      12
      16
      19
       9
      12
      14
      18
      19
      15
      20
      19
      20
      31
      34
      36
      34
      35
      47
      40
      43
      38
      47
      38
      32
      41
      33
      36
      28
      39
      26
      38
      43
      29
      40
      47
      37
      53
      55
      50
      49
      54
      57
      36
      48
      55
      53
      42
      50
      34
      48
      32
      51
      51
      33
      42
      46
      39
      45
      45
      37
      44
      38
      36
      44
      47
      32
      41
      34
      28
      40
      31
      32
      39
      38
      51
      44
      35
      38
      45
      36
      36
      43
      46
      47
      34
      38
      33
      52
      37
      40
      42
      36
      38
      47
      31
      45
      40
      40
      48
      40
      42
      31
      35
      42
      45
      42
      42
      38
      34
      38
      42
      50
      43
      37
      49
      65
      36
      39
      36
      41
      40
      35
      40
      44
      40
      35
      32
      40
      45
      44
      35
      46
      36
      47
      45
      45
      42
      40
      37
      45
      42
      34
      39
      45
      37
      45
      46
      34
      60
      34
      48
      44
      50
      44
      41
      53
      47
      44
      52
      47
      50
      38
      37
      39
      42
      36
      54
      42
      47
      47
      38
      46
      39
      43
      49
      35
      34
      56
      58
      46
      50
      45
      40
      40
      41
      33
      53
      49
      53
      56
      41
      39
      46
      42
      49
      55
      32
      39
      55
      33
      54
      46
      34
      38
      43
      43
      36
      35
      44
      27
      38
      31
      29
      30
      31
      31
      21
      22
      21
      18
      17
      16
      17
      16
      17
      27
      22
      21
      26
      21
      20
      28
      17
      25
      17
      24
      20
      15
      16
      25
      21
      20
      19
      16
      14
      13
      17
      17
      22
      17
      19
      18
      18
      16
      18
      19
      17
      22
      26
      14
      16
       8
      23
      25
      18
      19
      11
      10
       6
       9
      14
      17
       7
       9
      12
      18
      14
      21
      14
      16
       7
      15
      13
      19
      13
       3
      14
       8
      15
      16
       8
      12
      14
      13
      10
      12
       7
      15
      10
       8
       5
       9
       9
      11
      10
       8
      15
       9
      17
      15
      12
       9
      13
       9
      10
       7
       7
       2
      15
       7
       9
       7
       9
       8
      11
       8
      11
      10
       9
       6
       9
       6
      13
      11
       8
      11
       9
      10
      11
       6
      10
       8
      11
      10
      17
       9
      13
      12
       8
      13
      13
      10
       5
      11
       6
       8
       8
       6
       6
       5
      11
       4
       5
       6
       6
       6
      11
       3
       8
       7
       8
      11
      11
       3
       9
      13
       6
       6
      10
       5
       3
       4
       8
       6
      11
       6
       6
       8
       5
       5
      10
       6
       7
      10
       5
      10
       8
       4
      13
       5
       9
       5
       6
       3
       8
       5
       4
       8
       5
       5
       8
       5
       7
       2
       5
      14
       7
       4
       9
      11
       4
       5
       8
      12
       3
       6
       6
       3
      11
       5
       6
      10
       4
       5
       5
       3
       4
       7
       3
       7
       6
       4
       4
       7
       5
       3
       2
       3
       3
       4
       4
       2
       4
       3
       4
       6
       9
       3
       4
       6
       2
       0
       7
       8
       3
       4
       5
       5
       4
       3
       4
       3
       7
       3
       5
       6
       8
       8
       4
       5
       4
       3
       8
       6
       7
       5
       6
       3
       4
       3
       9
       3
       6
       2
       4
       2
       7
       5
      10
       3
       6
       8
       6
       5
       2
       8
       4
       4
       6
       3
       4
       7
       4
       6
       6
       7
       4
       5
       6
       6
       4
       5
       6
       8
       8
       3
       4
       3
       9
       1
       4
       5
       4
       2
       4
       7
       4
       5
       6
       4
       3
       3
       5
       3
       6
       2
       2
       1
       5
       3
       3
       4
       1
       5
       2
       3
       4
       6
       4
       4
       5
       3
       2
       3
       6
       6
       4
       5
       4
       1
       6
       4
       3
       4
       7
       2
       3
       4
       1
       1
       4
       4
       5
       4
       2
       2
       2
       4
       2
       5
       2
       3
       2
       4
       1
       4
       3
       7
       3
       8
       5
       1
       4
       3
       2
       4
       5
       5
       5
       9
       3
       5
       4
       5
       5
       7
       1
       3
       3
       4
       5
       7
       4
       5
       3
       4
       2
       4
       2
       8
       2
       6
       3
       2
       5
       7
       2
       7
       2
       1
       2
       4
       0
       6
       7
       2
       4
       2
       3
       3
       3
       4
       4
       3
       4
       5
       4
       2
       2
       4
       4
       2
       5
       1
       5
       1
       1
       2
       1
       2
       6
       5
       3
       4
       4
       3
       0
       6
       2
       1
       6
       3
       3
       3
       1
       2
       4
       3
       5
       2
       2
       4
       3
       1
       5
       2
       5
       3
       4
       2
       3
       0
       5
       5
       2
       2
       2
       4
       3
       5
       1
       5
       1
       3
       3
       3
       2
       3
       2
       3
       2
       1
       3
       2
       1
       1
       2
       2
       4
       4
       2
       1
       4
       5
       5
       4
       4
       4
       5
       2
       2
       2
       8
       1
       1
       5
       4
       1
       2
       4
       4
       1
       5
       1
       1
       2
       3
       4
       0
       2
       2
       4
       4
       3
       3
       4
       4
       5
       5
       4
       2
       1
       1
       2
       1
       7
       1
       3
       3
       1
       0
       1
       1
       2
       5
       3
       2
       2
       1
       6
       6
       6
       5
       2
       2
       7
       0
       6
       2
       1
       0
       1
       5
       1
       3
       1
       3
       2
       1
       1
       9
       0
       3
       4
       3
       6
       1
       0
       4
       3
       5
       2
       1
       4
       4
       1
       1
       1
       2
       1
       5
       2
       3
       1
       1
       0
       2
       2
       2
       2
       1
       3
       0
       5
       2
       4
       2
       1
       1
       2
       5
       3
       0
       3
       1
       2
       2
       3
       2
       3
       4
       0
       2
       2
       2
       1
       0
       1
       2
       1
       1
       3
       1
       5
       4
       1
       1
       2
       2
       2
       3
       2
       2
       0
       4
       1
       3
       2
       5
       6
       0
       1
       3
       4
       2
       0
       5
       4
       4
       1
       0
       0
       0
       0
       0
       0
       0
       0
       0
       0
       0
       0
       0
       0
       0
       0
       0
       0
       0
       0
       0
       0
       0
       0
       0
       0
       0
       0
       0
       0
       0
       0
       0
       0
       0
       0
       0
       0
       0
       0
       0
       0
       0
       0
       0
       0
       0
       0
       0
       0
       0
       0
$ROI:
1
3 1022
$PRESETS:
Live Time
300
0
$ENER_FIT:
-7.505623 1.460325
$MCA_CAL:
3
-7.505623E+000 1.460325E+000 0.000000E+000 keV
$SHAPE_CAL:
3
1.866601E+000 6.279851E-002 0.000000E+000
