$SPEC_ID:
No sample description was entered.
$SPEC_REM:
DET# 17
DETDESC# WD011-04 Easy-MCA-8k SN 13260151
AP# Maestro Version 7.01
$DATE_MEA:
04/21/2017 15:16:57
$MEAS_TIM:
300 300
$DATA:
0 1023
       0
       0
       0
       0
       0
       0
       0
       0
       0
       0
       0
       0
       0
      16
      40
      41
      44
      49
      18
      22
      18
      18
      20
      18
      29
      39
      19
      13
      15
      12
       3
       7
       6
       7
      10
       7
      14
      18
       8
      13
      13
      19
      10
       4
      14
       9
      13
      12
      18
      10
      12
      16
      14
      20
      15
      10
      18
      15
      22
      16
      18
      20
      16
      11
      15
      17
      17
      15
      18
      13
      23
      14
      18
      20
      15
      18
      21
      25
      27
      25
      19
      31
      21
      18
      27
      27
      21
      32
      28
      30
      41
      42
      48
      67
      47
      52
      63
      64
      72
      64
      73
      66
      56
      53
      57
      51
      54
      50
      42
      48
      65
      51
      46
      62
      41
      48
      59
      44
      52
      42
      51
      36
      46
      47
      45
      41
      46
      50
      59
      46
      38
      39
      53
      47
      43
      38
      43
      39
      43
      45
      56
      57
      51
      58
      44
      49
      40
      49
      43
      39
      41
      46
      54
      58
      42
      50
      55
      35
      55
      35
      60
      42
      48
      60
      48
      57
      43
      56
      42
      47
      60
      51
      36
      57
      50
      45
      41
      56
      38
      43
      55
      45
      53
      49
      49
      36
      50
      44
      47
      58
      50
      44
      44
      59
      41
      49
      38
      41
      38
      40
      52
      50
      51
      40
      51
      61
      47
      42
      47
      43
      39
      48
      52
      48
      48
      44
      50
      39
      42
      51
      56
      54
      49
      56
      60
      53
      53
      52
      39
      55
      46
      65
      58
      49
      37
      46
      62
      53
      44
      55
      42
      37
      38
      44
      37
      38
      34
      38
      30
      33
      36
      31
      29
      30
      26
      33
      29
      23
      16
      26
      36
      27
      28
      28
      26
      19
      19
      14
      18
      25
      14
      20
      31
      16
      23
      22
      14
      26
      16
      15
      21
      26
      17
      24
      17
      25
      18
      21
      23
      21
      29
      19
      23
      22
      22
      24
      18
      16
      21
      17
      20
      17
      14
      17
      13
      23
      12
      11
      12
      14
       9
      18
      17
      10
      17
      27
      15
      18
      15
      22
       7
      20
      12
      10
      13
      14
      14
      16
      13
      20
      13
       8
      22
      16
       5
      15
       4
      10
       8
      17
       8
      14
      12
      13
       7
      12
       9
      14
      12
       5
      12
      19
      13
       8
      10
      10
      15
      16
       7
       7
      11
       8
      11
       6
       7
       6
       7
       7
       5
       7
      13
       8
      11
      12
      10
      10
       8
       2
       9
      12
       6
       8
       9
      13
       5
      13
      13
      10
       7
       7
       9
       7
       8
      14
       9
      11
       8
      14
       4
      12
      14
       8
      10
      13
      12
       8
      14
      12
       8
      12
       9
       9
       9
       6
      10
       9
       7
      10
      11
       7
       6
       6
       9
      12
       6
      11
       8
       5
      10
       9
       7
       9
      11
       7
      10
       7
       8
       8
       4
       9
       5
       7
       8
       7
      13
       9
       8
       7
       3
       9
       9
       7
       9
      12
       6
       4
      10
       6
       3
       8
       5
       2
       6
       6
       9
       6
       9
       7
       5
       8
       4
      10
       9
       8
      10
       7
       2
       5
       9
       5
       4
       5
       7
      10
       9
       5
       4
       5
       6
       2
       7
       6
      10
       3
      10
       4
       2
       5
       4
       3
       7
       4
       2
       3
       4
       4
       1
       6
       5
       6
       5
       4
      10
       2
       4
       6
       7
       5
       2
       9
       3
       5
       9
       5
       2
       1
       5
       4
       1
       3
       3
       4
       5
       6
       1
       9
       4
       5
       7
       7
       4
       3
      10
       5
       6
       4
       3
       5
       5
       5
       5
       6
       2
       4
       5
       4
       2
       8
       3
       3
       2
       5
       4
       2
       2
       4
       5
       3
       5
       5
       6
       4
       6
       6
       5
       4
       3
       5
       7
       3
       5
       4
       2
       4
       7
       3
       7
       7
       3
       3
       3
       4
       4
       8
       1
       6
       2
       3
       8
       9
       8
       3
       1
       6
       6
       8
       5
       5
       7
      10
       5
       2
       9
       8
       5
       2
       7
       6
       2
       7
       6
       4
       5
       6
       4
       3
       4
       7
       3
       2
       5
       4
       5
       3
       2
       3
       2
       5
       3
       2
       5
       1
       2
       1
       5
       4
       4
       3
       4
       4
       5
       2
       5
       3
       5
       2
       3
       6
       2
       4
       4
       3
       4
       4
       2
       3
       2
       3
       1
       7
       5
       1
      10
       4
       4
       3
       2
       3
       3
       2
       0
       2
       3
       3
       6
       4
       1
       1
       1
       3
       5
       4
       6
       6
       2
       2
       3
       4
       5
       5
       4
       5
       1
       2
       2
       4
       5
       4
       3
       5
       4
       3
       4
       2
       5
       6
       5
       3
       4
       4
       3
       4
       2
       5
       8
       5
       3
       2
       4
       3
       2
       2
       5
       0
       2
       5
       1
       1
       3
       3
       2
       3
       2
       3
       1
       4
       3
       5
       3
       4
       4
       2
       3
       2
       5
       2
       5
       5
       3
       3
       4
       3
       8
       2
       2
       3
       6
       2
       7
       1
       0
       3
       2
       3
       5
       3
       1
       3
       1
       3
       4
       5
       3
       1
       3
       5
       2
       6
       2
       5
       5
       6
       4
       3
       4
       3
       4
       8
       2
       6
       1
       1
       2
       3
       1
       2
       1
       1
       2
       2
       1
       1
       1
       7
       1
       2
       4
       3
       5
       2
       3
       5
       1
       2
       2
       2
       2
       5
       1
       1
       2
       3
       2
       2
       3
       3
       5
       1
       2
       3
       2
       2
       2
       1
       0
       4
       2
       1
       3
       1
       1
       1
       2
       2
       6
       1
       2
       1
       3
       3
       4
       1
       0
       0
       0
       0
       5
       3
       1
       1
       3
       1
       0
       3
       0
       0
       1
       3
       3
       2
       3
       2
       2
       2
       2
       0
       2
       2
       2
       4
       7
       3
       2
       4
       0
       2
       4
       0
       2
       0
       5
       3
       3
       2
       2
       6
       5
       1
       1
       2
       3
       2
       1
       3
       0
       0
       3
       3
       1
       3
       0
       2
       0
       3
       6
       1
       1
       2
       2
       4
       1
       3
       4
       1
       3
       1
       0
       2
       3
       2
       0
       3
       1
       0
       2
       2
       3
       3
       1
       1
       3
       3
       4
       2
       2
       0
       3
       0
       2
       2
       0
       2
       2
       3
       0
       2
       2
       1
       1
       2
       3
       2
       0
       0
       0
       0
       0
       0
       0
       0
       0
       0
       0
       0
       0
       0
       0
       0
       0
       0
       0
       0
       0
       0
       0
       0
       0
       0
       0
       0
       0
       0
       0
       0
       0
       0
       0
       0
       0
       0
       0
       0
       0
       0
       0
       0
       0
       0
       0
       0
       0
       0
       0
       0
$ROI:
2
3 4
6 1022
$PRESETS:
Live Time
300
0
$ENER_FIT:
0.000000 0.000000
$MCA_CAL:
3
0.000000E+000 0.000000E+000 0.000000E+000 
$SHAPE_CAL:
3
0.000000E+000 0.000000E+000 0.000000E+000
