   0.00000      5.00000E+06  5.00000E+06  5.00000E+06  5.00000E+06  5.00000E+06   0.0000       0.0000       0.0000    
  2.047300E-03  4.99247E+06  4.93107E+06  4.46127E+06  4.07547E+06  3.64609E+06  0.24224      0.21570       117.32    
  4.389828E-03  4.25521E+06  4.27430E+06  4.24048E+06  4.11127E+06  3.59382E+06  0.49677      0.46388       88.384    
  6.427657E-03  4.25585E+06  4.24576E+06  4.20568E+06  4.12939E+06  3.45688E+06  0.60174      0.58164       73.070    
  8.555576E-03  4.23521E+06  4.22857E+06  4.20311E+06  4.15125E+06  3.43592E+06  0.62886      0.62510       69.645    
  1.035248E-02  4.22677E+06  4.22243E+06  4.20825E+06  4.17526E+06  3.46955E+06  0.62871      0.62924       72.081    
  1.235248E-02  4.22858E+06  4.22519E+06  4.21954E+06  4.20041E+06  3.49120E+06  0.63295      0.62954       74.651    
  1.435248E-02  4.22732E+06  4.22900E+06  4.23285E+06  4.22691E+06  3.48455E+06  0.64527      0.63850       74.834    
  1.635248E-02  4.23262E+06  4.23584E+06  4.24559E+06  4.24951E+06  3.46585E+06  0.65894      0.65226       73.737    
  1.835248E-02  4.24150E+06  4.24460E+06  4.25620E+06  4.25916E+06  3.44975E+06  0.66959      0.66480       72.817    
  2.035248E-02  4.26361E+06  4.25991E+06  4.26496E+06  4.26121E+06  3.44049E+06  0.67663      0.67344       72.659    
  3.035248E-02  4.34750E+06  4.31328E+06  4.28966E+06  4.22170E+06  3.36325E+06  0.70979      0.70630       71.203    
  4.035248E-02  4.30188E+06  4.30372E+06  4.29849E+06  4.05288E+06  3.28031E+06  0.73923      0.73667       68.109    
  5.035248E-02  4.28816E+06  4.28685E+06  4.27820E+06  3.84764E+06  3.23132E+06  0.75822      0.75680       66.386    
  6.035248E-02  4.27320E+06  4.27389E+06  4.25691E+06  3.66833E+06  3.20523E+06  0.76890      0.76798       65.790    
  7.035248E-02  4.25354E+06  4.25483E+06  4.20794E+06  3.52103E+06  3.17800E+06  0.77722      0.77643       64.921    
  8.035248E-02  4.23921E+06  4.22997E+06  4.02645E+06  3.40470E+06  3.15150E+06  0.78421      0.78359       63.943    
  9.035248E-02  4.21004E+06  4.19961E+06  3.83187E+06  3.32110E+06  3.12795E+06  0.78956      0.78907       63.172    
  0.100352      4.17587E+06  4.15671E+06  3.66450E+06  3.26768E+06  3.10623E+06  0.79431      0.79384       62.420    
  0.110352      4.13789E+06  4.09893E+06  3.52059E+06  3.23001E+06  3.08609E+06  0.79889      0.79844       61.624    
  0.120352      4.09897E+06  3.96917E+06  3.40300E+06  3.19877E+06  3.06393E+06  0.80339      0.80292       60.762    
  0.130352      4.03922E+06  3.77926E+06  3.31727E+06  3.17073E+06  3.04045E+06  0.80807      0.80762       59.802    
  0.140352      3.96579E+06  3.60743E+06  3.25756E+06  3.14517E+06  3.01548E+06  0.81211      0.81175       58.964    
  0.150352      3.87158E+06  3.45660E+06  3.21336E+06  3.11983E+06  2.98724E+06  0.81587      0.81546       58.197    
  0.160352      3.39771E+06  3.28802E+06  3.16972E+06  3.09204E+06  2.95613E+06  0.82087      0.82027       57.145    
  0.170352      2.87816E+06  2.95005E+06  3.04569E+06  3.03965E+06  2.91772E+06  0.82746      0.82672       55.614    
  0.180352      2.65093E+06  2.70081E+06  2.77329E+06  2.83937E+06  2.80586E+06  0.84062      0.83852       51.622    
  0.190352      2.55983E+06  2.56168E+06  2.56567E+06  2.56344E+06  2.50252E+06  0.86801      0.86523       41.868    
  0.200352      2.42003E+06  2.41217E+06  2.38935E+06  2.35140E+06  2.24234E+06  0.89001      0.88805       35.432    
  0.210352      2.22528E+06  2.21934E+06  2.20724E+06  2.17684E+06  2.06429E+06  0.90856      0.90689       31.214    
  0.220352      2.03046E+06  2.02700E+06  2.01717E+06  1.99180E+06  1.88658E+06  0.92644      0.92457       26.855    
  0.230352      1.83476E+06  1.83136E+06  1.81808E+06  1.78735E+06  1.68788E+06  0.94482      0.94305       21.993    
  0.240352      1.63374E+06  1.63006E+06  1.61783E+06  1.58452E+06  1.48338E+06  0.95997      0.95866       17.888    
  0.250352      1.43692E+06  1.43364E+06  1.41866E+06  1.37998E+06  1.28453E+06  0.97107      0.97012       14.650    
  0.260352      1.24449E+06  1.24081E+06  1.22431E+06  1.18326E+06  1.10021E+06  0.97890      0.97824       12.071    
  0.270352      1.06255E+06  1.05896E+06  1.04170E+06  1.00161E+06  9.32808E+05  0.98442      0.98396       9.9570    
  0.280352      8.95540E+05  8.92203E+05  8.75566E+05  8.39783E+05  7.84060E+05  0.98812      0.98782       8.2824    
  0.290352      7.46957E+05  7.43967E+05  7.28998E+05  6.99036E+05  6.55080E+05  0.99062      0.99041       6.9487    
  0.300352      6.19152E+05  6.16584E+05  6.03847E+05  5.79712E+05  5.45266E+05  0.99244      0.99227       5.8296    
  0.310352      5.12238E+05  5.10045E+05  4.99472E+05  4.80263E+05  4.53199E+05  0.99383      0.99371       4.8781    
  0.320352      4.23944E+05  4.22099E+05  4.13484E+05  3.98253E+05  3.76904E+05  0.99490      0.99480       4.0961    
  0.330352      3.51790E+05  3.50249E+05  3.43224E+05  3.31117E+05  3.14210E+05  0.99572      0.99565       3.4538    
  0.340352      2.93016E+05  2.91736E+05  2.85997E+05  2.76342E+05  2.62903E+05  0.99638      0.99632       2.9232    
  0.350352      2.45272E+05  2.44188E+05  2.39458E+05  2.31592E+05  2.20827E+05  0.99691      0.99686       2.4832    
  0.360352      2.06386E+05  2.05483E+05  2.01588E+05  1.95056E+05  1.86235E+05  0.99734      0.99730       2.1182    
  0.370352      1.74670E+05  1.73902E+05  1.70644E+05  1.65150E+05  1.57750E+05  0.99768      0.99765       1.8249    
  0.380352      1.48691E+05  1.48045E+05  1.45324E+05  1.40745E+05  1.34509E+05  0.99792      0.99790       1.5936    
  0.390352      1.27428E+05  1.26891E+05  1.24641E+05  1.20834E+05  1.15563E+05  0.99812      0.99810       1.4041    
  0.400352      1.09485E+05  1.08760E+05  1.06131E+05  1.02699E+05  1.01026E+05  0.99561      0.99578       1.0668    
  0.410352       94800.       95038.       95627.       97213.       99788.      0.99422      0.99433      0.86239
