       0
       0
       0
       0
       0
       0
       0
       0
       0
       0
       0
       0
       0
       3
       6
       5
       7
       6
       4
       9
       9
       5
       6
       3
       9
       4
      12
       7
       7
      14
       8
       5
       6
       7
       5
       7
       8
      10
      14
      12
      14
      14
      14
      22
      21
      12
      15
       6
       9
      14
       8
      11
       6
       8
      14
       9
      13
      19
      14
      10
      11
      13
      10
      10
      11
      17
      12
      20
       9
      18
      15
      12
       8
      15
      13
      27
      16
       9
      16
      21
      14
      11
       9
      15
      16
      20
      15
      21
      15
      22
      18
      24
      23
      35
      38
      39
      33
      33
      33
      41
      32
      40
      33
      26
      30
      29
      18
      20
      29
      33
      22
      37
      40
      42
      19
      33
      19
      22
      24
      34
      26
      20
      25
      22
      26
      16
      11
      24
      24
      26
      23
      32
      23
      29
      26
      25
      23
      22
      18
      24
      23
      26
      19
      18
      23
      27
      31
      19
      24
      28
      25
      23
      26
      21
      23
      19
      18
      30
      20
      33
      28
      24
      27
      28
      25
      22
      28
      17
      22
      29
      26
      30
      27
      26
      33
      29
      21
      22
      27
      23
      27
      27
      23
      19
      31
      27
      18
      19
      31
      32
      23
      38
      26
      19
      22
      38
      30
      22
      27
      17
      23
      31
      25
      27
      25
      35
      27
      22
      23
      33
      21
      28
      16
      26
      25
      24
      26
      25
      28
      21
      32
      35
      25
      24
      31
      27
      29
      36
      29
      30
      34
      27
      26
      26
      29
      22
      32
      28
      31
      32
      25
      26
      16
      28
      28
      27
      19
      26
      34
      26
      13
      27
      13
      20
      19
      15
      16
      21
      14
      14
      21
      21
      23
      21
      14
      15
      20
       9
      12
      22
      17
       6
      13
      13
      10
      14
      11
      19
       9
      17
      14
      18
      14
      12
      13
      19
      20
      15
      13
      14
      19
      13
      13
      22
      15
      19
       7
       8
       9
       8
      10
      15
      13
      15
       7
      11
      17
      16
      10
      19
      12
      13
      16
       6
      11
      13
      12
      14
      16
      13
      11
      12
      12
       9
      11
      11
      12
       6
      15
      11
      11
       7
      15
      10
       8
       9
       8
      11
       9
       6
      12
      15
      12
       8
      10
      14
       7
      16
       7
      10
      15
      11
      10
      10
       8
       7
      11
      11
       8
       8
      10
       7
       6
       6
      10
       9
      13
       9
       9
      14
      11
       6
      11
       9
      13
       9
      11
      10
       9
       6
      10
       5
       9
       6
      13
       7
       9
       8
      13
       7
       9
      13
      11
       9
      17
       7
       9
       7
      15
      10
       9
       8
      12
      13
      13
      13
      10
       9
       7
       2
      12
      12
       6
      11
       8
      15
       9
      11
      13
      10
       4
       9
       5
      14
      10
       6
      10
       6
       6
       6
       9
      12
      13
       6
       2
       9
       9
      12
       8
       4
       6
       8
      11
      10
      11
       7
       7
      11
      12
       4
      10
       7
       7
       7
       5
       8
       3
      11
       8
      14
       4
       6
      11
       9
      11
       8
       4
      11
       4
       6
       5
       7
       9
       7
       7
      11
       8
      10
       9
      12
       7
      13
       6
      10
       3
       5
       6
       8
       5
       5
       6
       7
       9
      12
       6
      13
      10
       9
      11
       5
      11
       2
       6
       9
       4
       7
       5
       5
       6
      11
       9
       7
       6
       5
       9
       8
      14
      10
      12
       4
      13
       7
       8
       5
      10
      11
       9
       6
      10
       9
       8
       3
       9
       4
       7
       6
       8
      12
       5
       6
      10
       4
       6
       6
       2
      10
       3
      11
       9
       9
       2
       8
       6
       4
       6
      10
       5
       8
       2
       7
       9
       4
       6
      15
       3
       7
       5
       5
       4
       8
       1
       4
       6
       1
       4
       2
       5
       5
       5
       7
      10
       7
       4
       6
       7
       7
       3
       9
       4
       4
       3
       4
       3
       4
       8
       4
       5
       2
       4
       5
       2
       4
       1
       4
       6
       8
       5
       5
       5
       4
       4
       0
       2
       5
       6
       5
       4
       5
       3
       6
       6
       2
       5
       1
       5
       8
       3
       8
       3
       4
       3
       1
       6
       3
       7
       4
       6
       1
       3
       2
       6
       5
       6
       4
       5
       3
       3
       1
       6
       1
       2
       5
       5
       4
       4
       5
       3
       9
       5
       6
       4
      10
       9
       4
       7
       8
       1
       3
       6
       6
       2
       3
       3
      12
       2
       4
       2
       3
       2
       3
       4
       1
       5
       3
       4
       3
       5
       4
       4
       2
       6
       4
       3
       4
       2
       7
       0
       3
       6
       2
       4
       2
       4
       7
       5
       4
       6
       4
       6
       9
       6
       6
       4
       7
       4
       8
       1
       3
       6
       4
       6
       3
       8
       6
       4
       6
       7
       9
       6
       3
       9
       6
      12
       7
       3
       8
       8
      13
       7
       6
       7
      10
       3
       8
       7
       4
       9
       7
       7
       7
      10
      11
      12
      11
       9
      18
      16
      10
      15
      19
      21
      17
      22
      28
      17
      16
      19
      26
      31
      24
      34
      22
      23
      27
      19
      34
      34
      21
      37
      27
      28
      27
      22
      31
      22
      22
      22
      33
      27
      35
      28
      24
      28
      17
      17
      29
      20
      23
      28
      18
      31
      21
      18
      18
      14
      11
      21
      18
      22
      17
      13
      16
      15
       6
      12
      11
      11
      10
      14
      12
       5
       5
       2
       7
       3
       4
       5
       2
       4
       2
       5
       3
       5
       1
       3
       2
       1
       1
       2
       1
       1
       3
       4
       2
       1
       0
       2
       0
       0
       1
       0
       0
       2
       0
       1
       1
       2
       1
       0
       1
       1
       2
       0
       1
       1
       1
       0
       1
       1
       3
       0
       0
       2
       0
       0
       3
       1
       0
       1
       1
       0
       1
       0
       2
       3
       1
       2
       1
       0
       1
       2
       1
       3
       0
       0
       0
       2
       1
       2
       0
       2
       0
       1
       1
       1
       0
       0
       0
       1
       2
       1
       0
       1
       2
       2
       1
       1
       1
       0
       1
       1
       0
       1
       1
       0
       1
       0
       3
       2
       1
       1
       0
       0
       2
       1
       2
       1
       0
       2
       1
       3
       0
       1
       0
       1
       0
       0
       1
       0
       0
       2
       1
       0
       1
       1
       1
       0
       1
       1
       0
       1
       0
       2
       1
       1
       1
       2
       2
       0
       0
       2
       0
       1
       1
       0
       0
       0
       0
       0
       0
       0
       0
       0
       0
       0
       0
       0
       0
       0
       0
       0
       0
       0
       0
       0
       0
       0
       0
       0
       0
       0
       0
       0
       0
       0
       0
       0
       0
       0
       0
       0
       0
       0
       0
       0
       0
       0
       0
       0
       0
       0
       0
       0
       0
