       0
       0
       0
       0
       0
       0
       0
       0
       0
       7
      29
      35
      36
      25
      31
      22
      26
      26
      20
      25
      20
      19
      35
      23
      26
      21
      26
      32
      18
      28
      33
      22
      26
      33
      37
      29
      37
      58
      51
      83
      80
     101
     114
      94
     101
      92
      77
      67
      50
      48
      60
      42
      42
      37
      37
      49
      40
      42
      48
      43
      55
      40
      45
      36
      47
      49
      54
      42
      43
      49
      51
      55
      57
      54
      56
      55
      52
      63
      83
      58
      64
      65
      56
      69
      81
      78
      69
      84
      85
      77
      81
      98
      85
      85
      92
      87
      73
      90
      85
     108
      85
      90
      98
      88
     108
      88
      91
      95
     103
     110
     105
      94
      86
      91
     105
      97
      73
      86
      96
      90
      89
      97
      90
      98
      86
     109
     104
     117
      95
      89
      90
      92
     132
      81
     100
      93
      84
      89
      84
     110
      98
     113
      93
      91
     103
     100
      99
      97
     110
     107
      98
      89
      95
     108
     100
      83
     120
     105
     107
     106
      87
      79
      99
     102
      81
      95
     101
      90
      93
      90
      91
      75
      96
      88
      91
      90
      95
      84
      96
     108
      78
     100
      91
      87
      80
      87
     101
      73
      95
     101
      84
      88
     116
      73
      87
      72
      81
      90
      82
      73
      80
      66
      90
      84
      71
      71
      86
      75
      90
      84
      72
      82
      79
      70
      85
      79
      88
      69
      64
      85
      80
      62
      88
      74
      72
      96
      91
      90
      65
      83
      79
      90
      82
      81
      81
      74
      81
      77
      84
      68
      76
      76
      68
      82
      76
      89
      72
      76
      70
      71
      88
      70
      77
      92
      67
      71
      56
      79
      52
      70
      77
      63
      60
      63
      69
      58
      50
      62
      60
      72
      71
      74
      60
      48
      62
      59
      64
      70
      66
      55
      52
      58
      55
      56
      58
      48
      62
      60
      62
      57
      58
      60
      42
      52
      56
      42
      61
      44
      50
      36
      46
      42
      52
      57
      40
      41
      35
      42
      49
      60
      46
      56
      39
      35
      45
      41
      47
      37
      37
      42
      51
      39
      44
      36
      48
      52
      25
      43
      52
      41
      34
      38
      40
      36
      42
      28
      39
      32
      41
      38
      37
      42
      26
      28
      45
      48
      38
      30
      33
      35
      24
      29
      39
      38
      42
      46
      32
      45
      40
      33
      39
      46
      31
      38
      37
      47
      41
      36
      28
      41
      37
      25
      21
      39
      35
      30
      39
      34
      29
      39
      40
      24
      23
      31
      33
      33
      32
      33
      38
      28
      27
      32
      32
      32
      44
      27
      43
      41
      25
      35
      24
      24
      19
      42
      22
      36
      33
      36
      23
      21
      22
      22
      33
      29
      43
      34
      34
      40
      42
      26
      23
      24
      27
      35
      38
      32
      23
      26
      25
      23
      28
      32
      27
      33
      28
      29
      30
      22
      26
      24
      34
      22
      23
      23
      23
      25
      17
      25
      25
      13
      18
      25
      28
      30
      28
      22
      24
      24
      19
      25
      25
      24
      26
      27
      28
      19
      28
      20
      34
      22
      31
      27
      24
      25
      24
      30
      24
      28
      19
      32
      13
      20
      21
      24
      29
      19
      29
      20
      22
      22
      20
      19
      21
      20
      20
      25
      23
      24
      29
      19
      21
      20
      25
      17
      21
      22
      18
      14
      14
      24
      16
      23
      27
      19
      30
      21
      20
      20
      30
      16
      14
      19
      25
      21
      24
      11
      21
      17
      14
      20
      19
      19
      20
      24
      21
      16
      15
      19
      33
      19
      29
      10
      17
      16
      19
      21
      15
      20
      17
      10
      12
      14
      15
      17
      21
       9
      22
      20
      15
      14
      20
      19
      20
      15
      14
      12
       9
      15
      13
       8
      11
      10
      17
      11
      13
      11
       6
      11
       8
      12
       9
      14
      13
       7
      11
       8
      11
      12
      14
       8
      11
      12
      11
       8
       7
       9
      12
      12
      15
       9
       9
       7
      10
      10
      10
      16
       5
      16
      11
       8
      15
       6
      11
      10
      11
       9
      13
       7
       2
       9
      11
      13
      10
       5
       5
       9
       9
       5
       7
      14
       8
      13
       7
       9
      13
      13
      13
       7
       9
       9
      11
      17
       9
       9
       7
       3
       4
      15
       8
       8
      10
       6
       8
       6
      13
       7
       7
      13
       5
       7
      10
      10
       6
       8
       7
      11
       9
      10
      12
      11
       7
      10
       7
       8
       4
       9
       7
       8
       9
       8
       9
       5
       4
       4
      10
       4
       8
       9
      12
       9
      13
       8
      10
       6
      13
       3
       8
       6
      17
       5
       5
       8
       5
      11
      10
       9
      14
      14
       5
      13
      15
      13
      14
      16
      18
      16
      13
      25
      16
      19
      23
      14
      17
      20
      19
      23
      23
      23
      27
      33
      17
      27
      33
      41
      26
      38
      37
      42
      35
      34
      29
      47
      42
      48
      40
      37
      35
      52
      57
      65
      56
      58
      46
      62
      62
      61
      60
      66
      60
      67
      59
      77
      69
      59
      77
      71
      73
      56
      64
      67
      88
      77
      64
      78
      75
      59
      69
      80
      65
      58
      71
      59
      70
      65
      55
      65
      64
      61
      47
      54
      65
      53
      50
      41
      44
      38
      34
      37
      43
      45
      33
      30
      27
      14
      16
      29
      30
      22
      15
      24
      22
      25
      22
      29
      11
      13
      16
      18
      12
      13
      10
      10
      13
       4
       9
       2
       9
       6
      10
       4
       5
       3
       5
       8
       6
       4
       4
       4
       1
       6
       2
       1
       4
       3
       4
       5
       2
       2
       3
       2
       4
       9
       2
       7
       2
       2
       0
       4
       3
       2
       5
       2
       1
       4
       1
       0
       1
       3
       3
       0
       5
       2
       3
       3
       1
       1
       4
       0
       2
       5
       3
       2
       2
       2
       1
       1
       1
       2
       3
       3
       0
       4
       2
       4
       5
       2
       5
       3
       2
       6
       2
       3
       5
       4
       3
       1
       2
       2
       4
       1
       6
       2
       4
       2
       2
       3
       2
       4
       1
       3
       3
       2
       0
       4
       0
       2
       1
       4
       1
       3
       4
       2
       0
       4
       1
       0
       2
       4
       0
       5
       0
       1
       2
       2
       2
       3
       1
       0
       1
       3
       2
       2
       3
       3
       2
       4
       4
       2
       1
       0
       2
       1
       2
       4
       3
       4
       3
       3
       2
       2
       2
       3
       1
       2
       2
       0
       0
       0
       0
       0
       0
       0
       0
       0
       0
       0
       0
       0
       0
       0
       0
       0
       0
       0
       0
       0
       0
       0
       0
       0
       0
       0
       0
       0
       0
       0
       0
       0
       0
       0
       0
       0
       0
       0
       0
       0
       0
       0
       0
       0
       0
       0
       0
       0
