300.0 0.39 1.42790100478
300.0 0.4 1.42051742767
300.0 0.41 1.41149998697
315.789473684 0.39 1.42718142764
315.789473684 0.4 1.419706959
315.789473684 0.41 1.41059160307
331.578947368 0.39 1.42628842964
331.578947368 0.4 1.41867860474
331.578947368 0.41 1.40941086138
347.368421053 0.39 1.42513881637
347.368421053 0.4 1.41738883438
347.368421053 0.41 1.40805743508
363.157894737 0.39 1.42378415159
363.157894737 0.4 1.41585452541
363.157894737 0.41 1.40634080332
378.947368421 0.39 1.4222488573
378.947368421 0.4 1.41416998478
378.947368421 0.41 1.40455342058
394.736842105 0.39 1.42051542446
394.736842105 0.4 1.41217611409
394.736842105 0.41 1.4024335765
410.526315789 0.39 1.41853013386
410.526315789 0.4 1.41001513758
410.526315789 0.41 1.40003795738
426.315789474 0.39 1.41643171262
426.315789474 0.4 1.40765983825
426.315789474 0.41 1.39745575609
442.105263158 0.39 1.41403756003
442.105263158 0.4 1.405005379
442.105263158 0.41 1.39460783183
457.894736842 0.39 1.41132512701
457.894736842 0.4 1.40220097881
457.894736842 0.41 1.39142727807
473.684210526 0.39 1.40834778591
473.684210526 0.4 1.39880663034
473.684210526 0.41 1.38800027942
489.473684211 0.39 1.4050505183
489.473684211 0.4 1.39522593479
489.473684211 0.41 1.3839959099
505.263157895 0.39 1.40127262794
505.263157895 0.4 1.39114666045
505.263157895 0.41 1.37966638722
521.052631579 0.39 1.39702909609
521.052631579 0.4 1.38660571175
521.052631579 0.41 1.37472007956
536.842105263 0.39 1.39475660654
536.842105263 0.4 1.38417984443
536.842105263 0.41 1.37219955741
552.631578947 0.39 1.38943193948
552.631578947 0.4 1.37838705288
552.631578947 0.41 1.36604848988
568.421052632 0.39 1.3829098595
568.421052632 0.4 1.37140164148
568.421052632 0.41 1.35862023253
584.210526316 0.39 1.37473698317
584.210526316 0.4 1.36276332988
584.210526316 0.41 1.34948843673
600.0 0.39 1.36387658812
600.0 0.4 1.35114303845
600.0 0.41 1.33725727266
