700.0 0.39 1.43407683349
700.0 0.4 1.4268471508
700.0 0.41 1.41799512007
726.315789474 0.39 1.43321966302
726.315789474 0.4 1.42594244291
726.315789474 0.41 1.4171544297
752.631578947 0.39 1.43243498411
752.631578947 0.4 1.42503469574
752.631578947 0.41 1.41623972573
778.947368421 0.39 1.43161461451
778.947368421 0.4 1.42422836354
778.947368421 0.41 1.41538160272
805.263157895 0.39 1.43072744549
805.263157895 0.4 1.4233801985
805.263157895 0.41 1.41454188216
831.578947368 0.39 1.42998888954
831.578947368 0.4 1.42257790744
831.578947368 0.41 1.41367507398
857.894736842 0.39 1.42920419046
857.894736842 0.4 1.42171723893
857.894736842 0.41 1.41281785818
884.210526316 0.39 1.42843326768
884.210526316 0.4 1.4210427287
884.210526316 0.41 1.41202527795
910.526315789 0.39 1.42765755891
910.526315789 0.4 1.42015604149
910.526315789 0.41 1.41121456439
936.842105263 0.39 1.42683591938
936.842105263 0.4 1.41934520262
936.842105263 0.41 1.41033543791
963.157894737 0.39 1.42607238166
963.157894737 0.4 1.4185797922
963.157894737 0.41 1.4095649553
989.473684211 0.39 1.42528732623
989.473684211 0.4 1.41781502996
989.473684211 0.41 1.40868643625
1015.78947368 0.39 1.42452735783
1015.78947368 0.4 1.41704726784
1015.78947368 0.41 1.40796088539
1042.10526316 0.39 1.42382620543
1042.10526316 0.4 1.4162522027
1042.10526316 0.41 1.40715049125
1068.42105263 0.39 1.42308033522
1068.42105263 0.4 1.41550557411
1068.42105263 0.41 1.40634467644
1094.73684211 0.39 1.42239994492
1094.73684211 0.4 1.41479267636
1094.73684211 0.41 1.40562365234
1121.05263158 0.39 1.42170658715
1121.05263158 0.4 1.41404379531
1121.05263158 0.41 1.40488932599
1147.36842105 0.39 1.42096724829
1147.36842105 0.4 1.41330214914
1147.36842105 0.41 1.404162225
1173.68421053 0.39 1.42022496274
1173.68421053 0.4 1.41263870039
1173.68421053 0.41 1.40338997562
1200.0 0.39 1.41954783136
1200.0 0.4 1.41192029992
1200.0 0.41 1.40259586792
