00000000           000   0.000000000           0.0           0.0             1
17771701           900   0.031161504           0.0           0.0             2
17771702           900   0.031154508           0.0           0.0             3
17771703           900   0.031147513           0.0           0.0             4
17771704           900   0.033696801           0.0           0.0             5
17771705           900    0.03624609           0.0           0.0             6
17771706           900   0.038440063           0.0           0.0             7
17771707           900   0.040634036           0.0           0.0             8
17771708           900   0.042415443           0.0           0.0             9
17771709           900    0.04419685           0.0           0.0            10
17771710           900   0.045659081           0.0           0.0            11
17771711           900   0.047121312           0.0           0.0            12
17771712           900   0.047353359           0.0           0.0            13
17771713           900   0.047585405           0.0           0.0            14
17771714           900   0.046805357           0.0           0.0            15
17771715           900    0.04602531           0.0           0.0            16
17771716           900   0.043900933           0.0           0.0            17
17771717           900   0.041776555           0.0           0.0            18
17771718           900   0.038221453           0.0           0.0            19
17771719           900   0.034666351           0.0           0.0            20
17771720           900   0.030732335           0.0           0.0            21
17771721           900   0.026798319           0.0           0.0            22
17771722           900   0.024306711           0.0           0.0            23
17771723           900   0.021815103           0.0           0.0            24
17771724           900   0.019936745           0.0           0.0            25
17771725           900   0.018058387           0.0           0.0            26
17771726           900   0.016379549           0.0           0.0            27
17771727           900   0.014700712           0.0           0.0            28
17771728           900   0.014201141           0.0           0.0            29
17771729           900   0.013701571           0.0           0.0            30
