$SPEC_ID:
No sample description was entered.
$SPEC_REM:
DET# 17
DETDESC# WD011-04 Easy-MCA-8k SN 13260151
AP# Maestro Version 7.01
$DATE_MEA:
04/21/2017 15:13:07
$MEAS_TIM:
120 120
$DATA:
0 1023
       0
       0
       0
       0
       0
       0
       0
       0
       0
       0
       0
       0
       0
       2
       4
       7
       2
       0
       6
       3
       4
       5
       8
       4
       8
      11
      17
      33
      35
      48
      56
      53
      45
      30
      22
      23
      24
      10
       6
       6
       4
       4
       6
       3
       3
       5
       4
       5
       9
       6
       6
       7
       3
       4
       4
       7
       6
       8
       2
       3
       8
       7
       6
       6
       7
       9
      12
       4
       0
       6
       5
       9
       9
       5
       5
       2
       7
       6
      16
      10
      11
       9
       9
       6
      12
       9
       8
      11
      11
      22
      19
      18
      22
      16
      27
      18
      26
      27
      27
      25
      26
      29
      24
      23
      25
      16
      16
      19
      22
      19
      17
      16
      19
      20
      16
      23
      18
      17
      30
      26
      21
      25
      26
      14
      11
      17
      17
      20
      24
      21
      16
      17
      22
      13
      16
      20
      23
      28
      15
      28
      19
      15
      19
      23
      19
      15
      25
      18
      25
      18
      21
      13
      15
      21
      18
      15
      21
      16
      21
      24
      17
      17
      16
      17
      17
      12
      16
      15
      17
      31
      22
      21
      20
      20
      17
      10
      22
      20
      15
      16
      15
      17
      21
      12
      31
      16
      16
      18
      17
      20
      14
      17
      17
      15
      24
      15
      17
      16
      26
      19
      24
      22
      20
      18
      17
      22
      23
      28
      14
      16
      17
      18
      20
      21
      16
      19
      29
      20
      20
      32
      33
      22
      17
      16
      28
      26
      21
      23
      23
      20
      24
      28
      25
      32
      23
      23
      27
      23
      14
      14
      26
      14
      25
      19
      17
       8
      18
      10
      17
       8
      15
      13
      13
      11
      13
      14
       9
      13
       8
       8
       9
      13
      11
      11
      10
       5
       6
       7
       8
       9
       7
      13
       7
       7
       8
       5
       5
      11
       8
       7
       6
      12
       7
       4
       4
       3
       8
       9
       6
       5
       5
       4
      10
      12
      10
       6
       6
       4
       7
       9
       8
       6
       6
       7
      13
       7
       5
       2
       7
       4
       5
       8
       7
       5
       4
       6
       4
       5
       2
       4
       6
       3
       3
       6
       8
       7
       6
       4
       4
       5
      11
       6
       5
       1
       5
       7
       5
       3
       7
       1
       3
       6
       2
       5
       8
       3
       5
       5
       1
       3
       3
       2
       7
       6
       8
       6
       4
       6
       5
       5
       2
       5
       7
       9
       1
       8
       3
       2
       4
       5
       3
       3
       6
       1
       3
       5
       8
       2
       3
       4
       1
       3
       2
       3
       3
       6
       4
       5
       2
       6
       4
       5
       7
       2
       6
       4
       2
       6
       5
       6
       3
       1
       3
       4
       1
       7
       7
       4
       4
       7
       4
       5
       4
       6
       4
       1
       4
       3
       5
       1
       4
       3
       7
       1
       5
       4
       1
       2
       4
       3
       3
       4
       4
       3
       5
       1
       3
       5
       4
       2
       2
       3
       3
       3
       3
       3
       1
       3
       2
       1
       2
       3
       1
       3
       1
       0
       2
       3
       2
       3
       1
       0
       4
       1
       6
       3
       1
       2
       1
       4
       0
       5
       5
       3
       2
       0
       1
       2
       2
       1
       3
       3
       3
       1
       1
       2
       2
       1
       3
       5
       1
       0
       2
       5
       3
       0
       1
       3
       3
       4
       4
       3
       4
       0
       5
       3
       3
       0
       2
       1
       0
       5
       3
       1
       2
       2
       1
       0
       1
       3
       2
       1
       3
       3
       1
       2
       0
       2
       6
       2
       2
       1
       0
       2
       2
       4
       1
       3
       1
       2
       1
       2
       2
       3
       2
       2
       2
       0
       3
       3
       5
       2
       2
       2
       1
       3
       1
       1
       3
       2
       1
       1
       3
       2
       2
       0
       1
       4
       0
       6
       8
       3
       1
       1
       1
       6
       1
       1
       2
       1
       2
       2
       2
       5
       0
       1
       3
       3
       0
       0
       0
       4
       2
       1
       3
       4
       2
       0
       2
       1
       1
       1
       4
       2
       2
       1
       2
       1
       1
       1
       2
       2
       1
       1
       2
       2
       3
       7
       1
       1
       2
       1
       1
       1
       0
       2
       3
       2
       2
       6
       0
       1
       3
       2
       3
       1
       1
       1
       3
       2
       3
       1
       2
       0
       1
       1
       1
       3
       0
       1
       1
       2
       1
       0
       0
       1
       1
       2
       1
       0
       3
       0
       0
       1
       1
       1
       2
       2
       2
       1
       1
       1
       0
       2
       0
       1
       1
       1
       2
       0
       0
       1
       3
       3
       2
       2
       1
       1
       0
       1
       2
       2
       0
       2
       0
       4
       0
       2
       1
       3
       0
       1
       2
       6
       1
       1
       4
       1
       4
       3
       1
       3
       0
       0
       1
       0
       1
       0
       2
       1
       4
       2
       1
       2
       2
       2
       2
       1
       0
       1
       1
       1
       2
       2
       2
       1
       1
       2
       5
       2
       0
       1
       0
       3
       1
       1
       1
       0
       4
       1
       0
       3
       2
       1
       1
       1
       0
       3
       1
       1
       0
       1
       2
       2
       1
       1
       4
       2
       0
       2
       5
       3
       0
       1
       2
       1
       2
       1
       1
       0
       0
       4
       0
       2
       0
       1
       3
       1
       1
       0
       0
       0
       2
       0
       3
       0
       1
       1
       3
       1
       2
       3
       0
       0
       1
       0
       1
       1
       0
       0
       3
       1
       0
       1
       1
       0
       1
       2
       1
       0
       0
       1
       0
       0
       2
       1
       1
       0
       2
       0
       2
       0
       1
       0
       0
       1
       4
       2
       0
       0
       1
       0
       0
       0
       0
       1
       0
       0
       0
       2
       0
       0
       0
       0
       1
       2
       0
       1
       1
       0
       1
       1
       1
       3
       0
       0
       0
       1
       1
       1
       1
       0
       0
       0
       1
       1
       1
       2
       2
       0
       0
       4
       0
       0
       3
       0
       2
       1
       1
       2
       3
       1
       3
       1
       0
       0
       0
       0
       2
       0
       0
       0
       1
       3
       1
       1
       0
       1
       1
       1
       1
       0
       2
       0
       1
       0
       1
       0
       1
       3
       0
       0
       2
       0
       0
       0
       2
       2
       1
       0
       1
       0
       0
       1
       0
       0
       0
       0
       1
       1
       1
       0
       1
       2
       1
       0
       0
       0
       1
       1
       0
       0
       1
       0
       1
       0
       2
       3
       2
       2
       0
       0
       2
       2
       2
       0
       0
       0
       0
       0
       1
       1
       1
       0
       0
       0
       0
       0
       0
       0
       0
       0
       0
       0
       0
       0
       0
       0
       0
       0
       0
       0
       0
       0
       0
       0
       0
       0
       0
       0
       0
       0
       0
       0
       0
       0
       0
       0
       0
       0
       0
       0
       0
       0
       0
       0
       0
       0
       0
       0
       0
       0
       0
       0
$ROI:
2
3 4
6 1022
$PRESETS:
Live Time
120
0
$ENER_FIT:
0.000000 0.000000
$MCA_CAL:
3
0.000000E+000 0.000000E+000 0.000000E+000 
$SHAPE_CAL:
3
0.000000E+000 0.000000E+000 0.000000E+000
