$SPEC_ID:
No sample description was entered.
$SPEC_REM:
DET# 17
DETDESC# WD011-04 Easy-MCA-8k SN 13260151
AP# Maestro Version 7.01
$DATE_MEA:
04/21/2017 15:08:27
$MEAS_TIM:
120 120
$DATA:
0 1023
       0
       0
       0
       0
       0
       0
       0
       0
       0
       0
       0
       0
       0
      10
      13
      23
      18
      16
      22
      17
      28
      13
      18
      20
      20
      29
      24
      18
      23
      23
      24
      16
      14
      23
      14
      19
      16
      21
      21
      19
      20
      20
      25
      19
      25
      26
      22
      28
      23
      19
      15
      26
      24
      28
      22
      26
      33
      28
      18
      30
      34
      25
      15
      33
      33
      29
      27
      20
      19
      31
      18
      25
      35
      33
      26
      31
      29
      24
      25
      26
      39
      37
      34
      34
      27
      32
      34
      34
      48
      34
      47
      40
      64
      60
      72
      56
      78
      92
      78
      84
      88
      81
      82
      71
      69
      81
      54
      57
      58
      51
      50
      66
      68
      63
      54
      46
      52
      35
      45
      40
      37
      38
      45
      37
      33
      46
      40
      42
      39
      37
      44
      45
      43
      43
      36
      38
      40
      38
      43
      40
      52
      50
      44
      46
      55
      44
      54
      37
      44
      51
      36
      56
      42
      48
      44
      47
      48
      48
      47
      41
      52
      34
      40
      40
      42
      45
      53
      42
      49
      50
      59
      46
      45
      48
      41
      51
      39
      52
      57
      44
      49
      53
      50
      36
      38
      49
      41
      46
      44
      47
      45
      47
      31
      46
      47
      41
      38
      59
      39
      48
      55
      58
      44
      29
      52
      58
      48
      35
      45
      42
      38
      38
      51
      39
      46
      49
      37
      57
      53
      50
      36
      57
      52
      41
      69
      55
      53
      50
      67
      44
      52
      62
      61
      38
      59
      48
      43
      52
      54
      40
      53
      54
      47
      40
      37
      42
      46
      41
      43
      47
      32
      35
      41
      42
      37
      36
      43
      46
      39
      29
      48
      29
      27
      25
      34
      33
      39
      35
      45
      41
      38
      19
      36
      40
      27
      34
      30
      32
      30
      35
      30
      29
      40
      26
      32
      28
      36
      33
      31
      23
      50
      35
      23
      32
      32
      33
      34
      34
      39
      39
      36
      42
      35
      42
      39
      36
      38
      19
      38
      31
      37
      35
      37
      23
      22
      40
      22
      29
      36
      30
      31
      29
      32
      21
      36
      28
      25
      34
      26
      29
      30
      37
      31
      32
      30
      28
      27
      32
      34
      28
      23
      31
      29
      26
      33
      30
      20
      21
      27
      28
      41
      30
      36
      40
      36
      27
      22
      27
      25
      29
      36
      30
      22
      32
      26
      27
      29
      32
      25
      31
      28
      24
      24
      21
      31
      33
      29
      30
      35
      26
      26
      23
      19
      27
      29
      29
      29
      24
      29
      18
      26
      30
      32
      30
      25
      17
      22
      28
      28
      19
      28
      18
      31
      20
      20
      29
      24
      18
      17
      24
      13
      25
      19
      21
      23
      19
      18
      19
      22
      18
      19
      21
      22
      17
      23
      25
      22
      21
      17
      14
      21
      23
      28
      17
      17
      17
      15
      17
      24
      21
      23
      24
      17
      26
      21
      21
      19
      12
      19
      34
      12
      15
      18
      20
      16
      21
      24
      15
      16
      23
      18
      12
      18
      26
      29
      15
      20
      23
      18
      19
      14
      19
      19
      16
      24
      15
      16
      18
      13
      19
      17
      16
      20
      18
      15
      15
      16
      19
      17
      15
      27
      28
      12
      18
      21
      28
      23
      17
      17
      20
      28
      19
      33
      26
      22
      19
      15
      16
      18
      18
      22
      21
      11
      20
      21
      16
      17
      15
      17
      17
      25
      16
      15
      20
      26
      18
      22
      24
      17
      25
      23
      15
      17
      14
      26
      16
      16
      20
      30
      20
      18
      18
      28
      21
      18
      22
      28
      14
      23
      20
      28
      23
      19
      23
      21
      19
      20
      18
      22
      23
      16
      23
      19
      22
      22
      23
      20
      25
      27
      23
      28
      28
      35
      34
      30
      30
      33
      37
      40
      45
      31
      46
      39
      49
      41
      59
      53
      67
      62
      59
      62
      49
      63
      47
      63
      64
      91
     107
      86
     102
      77
      88
      83
      98
      96
     108
      95
      83
     100
      90
      96
      86
     107
      88
     114
      90
      87
      72
      94
     104
      92
      82
      66
      83
      61
      66
      74
      74
      58
      73
      61
      71
      47
      60
      29
      53
      55
      49
      36
      29
      32
      33
      27
      24
      34
      31
      16
      23
      28
      12
      22
      13
      15
      15
      16
      12
      13
      17
       7
       5
      18
      15
       7
       9
       8
       7
       9
       7
      10
       6
      10
      13
      14
       9
      12
       5
      10
       8
      13
       8
       7
       8
      14
      10
      11
      12
       8
      13
       9
       9
      11
       4
       7
       5
      10
       8
       7
      12
      10
      12
       7
       9
       8
       5
      12
      13
      11
      11
       9
      18
       7
      14
       9
       5
       5
      12
      18
       8
       6
       5
       2
       5
       8
       6
       9
      16
       9
       6
       5
       8
      12
      11
      12
      10
       8
      11
       9
      11
       9
      10
      13
       9
       8
       8
      11
       7
       9
       9
      14
      10
      12
      12
       5
      10
       8
      11
      10
      12
       6
      13
       6
       9
      11
       5
       4
       9
      11
       9
      14
       4
      11
       4
       9
       5
       7
       5
       8
       7
       2
       6
       2
       3
       9
       9
      11
      13
       6
      12
       8
       7
       6
      12
      10
       6
      11
      11
       7
       9
       9
       8
      15
       7
       8
       8
      10
       8
      12
      10
      11
       9
       7
       9
      11
       7
      11
       6
      13
      10
       8
      13
       9
       4
       4
       9
       9
      12
       5
       9
       2
       7
      11
       7
       6
       6
       7
       7
       7
       8
      12
       7
      11
       6
      10
      10
       5
      13
       4
       3
       8
       4
       4
       9
       6
       7
       8
      10
       7
       5
       3
       8
       9
       8
       6
       7
       3
      10
       6
       6
       6
       9
       5
       8
      10
       7
      14
       8
      11
      10
       4
       5
       8
      10
      15
       7
      10
       8
      13
       6
       7
      11
      13
       2
      13
      12
       8
       7
       6
       5
       5
       5
       9
       8
       6
       9
       8
      11
       8
       8
       5
       9
       5
       5
       6
       5
      10
      12
       6
       5
       7
      12
       4
       6
      12
       7
       9
       4
      11
       6
       6
       9
       6
       7
       3
       2
       5
       8
       8
       6
       5
       8
       9
      12
      15
      10
       6
       6
      12
       7
       6
       7
       5
       8
       5
       5
       5
      10
       3
      12
       9
       6
       8
      14
       7
       9
       4
      10
       6
       9
       5
       7
       5
       9
       8
       5
       0
       0
       0
       0
       0
       0
       0
       0
       0
       0
       0
       0
       0
       0
       0
       0
       0
       0
       0
       0
       0
       0
       0
       0
       0
       0
       0
       0
       0
       0
       0
       0
       0
       0
       0
       0
       0
       0
       0
       0
       0
       0
       0
       0
       0
       0
       0
       0
       0
       0
$ROI:
2
3 4
6 1022
$PRESETS:
Live Time
120
0
$ENER_FIT:
0.000000 0.000000
$MCA_CAL:
3
0.000000E+000 0.000000E+000 0.000000E+000 
$SHAPE_CAL:
3
0.000000E+000 0.000000E+000 0.000000E+000
