$SPEC_ID:
No sample description was entered.
$SPEC_REM:
DET# 17
DETDESC# WD011-04 Easy-MCA-8k SN 13260151
AP# Maestro Version 7.01
$DATE_MEA:
04/21/2017 18:05:31
$MEAS_TIM:
120 120
$DATA:
0 1023
       0
       0
       0
       0
       0
       0
       0
       0
       0
       0
       0
       0
       0
       1
       2
       6
       2
       2
       1
       2
       1
       4
       3
       2
       2
       6
       3
       2
       6
       7
       4
       3
       0
       4
       5
       1
       4
       7
       2
       2
       3
       4
       6
       6
       3
       5
       4
       1
       5
       6
       5
       4
       5
       7
       8
       7
       7
       5
       4
       5
       8
       5
       6
       5
       3
       5
      10
       6
       6
       5
       7
       9
       7
       9
       7
       7
       4
       4
       5
       7
      12
      12
       6
      10
      12
      15
      12
       8
       9
      18
      19
      12
      15
      26
      19
      33
      31
      31
      30
      36
      15
      21
      26
      17
      20
      32
      14
      18
      24
      25
      22
      20
      25
      24
      16
      13
      14
      15
      14
      15
      26
      21
      20
      18
      12
      21
      13
      14
      21
      18
      21
      20
      24
      15
      17
      16
      10
      36
      22
      11
      26
      16
      16
      19
      15
      22
      14
      12
      16
      14
      18
      21
      24
      14
      24
      22
      22
      16
      25
      25
      14
      23
      16
      15
      21
      29
      18
      13
      19
      20
      22
      19
      13
      14
      13
      14
      19
      17
      22
      17
      17
      21
      24
      21
      21
      18
      19
      23
       9
      16
      23
      18
      17
      21
      24
      17
      25
      27
      25
      20
      21
      17
      19
      19
      23
      21
      17
      20
      24
      13
      20
      23
      21
      14
      17
      22
      10
      26
      28
      24
      18
      21
      18
      26
      25
      30
      25
      13
      27
      29
      24
      18
      21
      24
      21
      22
      11
      30
      20
      26
      12
      23
      14
      14
      11
      17
       8
       8
      18
      13
      13
      11
      11
      14
       5
      11
      14
      11
      11
      12
       9
      12
      13
       5
       7
      11
       7
       5
       9
      10
       9
      10
       6
      13
       4
       6
      11
       4
       7
       8
       8
       5
       8
       8
       7
       8
       9
      10
      12
       5
       4
      12
       7
       6
       6
       5
       6
       6
       7
       6
       9
       4
       4
       7
       8
       6
       5
       9
       3
      10
       9
       3
       6
       5
       7
       4
       4
       6
       4
       5
       5
       5
       3
       7
      10
       5
       8
       3
       6
       3
       5
       0
       7
       6
       7
       3
       7
       3
       7
       7
       6
       3
       6
       7
       9
       5
       8
       7
       5
       4
       0
       1
       5
       3
       2
       6
       2
       5
       0
       4
       3
       7
       3
       3
       4
       4
       4
       4
       5
       3
       3
       4
       3
       3
       3
       5
       8
       4
       6
       2
       6
       4
       1
       7
       4
       1
       5
       4
       1
       5
       5
       3
       0
       6
       4
       3
       1
       3
       4
       8
       4
       4
       3
       1
       3
       0
       4
       0
       2
       5
       5
       3
       4
       5
       5
       1
       1
       3
       4
       7
       3
       2
       2
       6
       6
       1
       4
       3
       4
       2
       8
       3
       0
       2
       6
       1
       5
       5
       0
       3
       2
       3
       2
       4
       3
       4
       3
       1
       0
       3
       4
       1
       1
       2
       2
       1
       5
       3
       7
       3
       2
       0
       5
       3
       0
       2
       2
       1
       2
       1
       2
       0
       2
       0
       0
       5
       2
       0
       2
       1
       2
       1
       6
       2
       3
       4
       3
       0
       3
       0
       0
       4
       0
       0
       1
       2
       1
       2
       5
       2
       2
       0
       2
       1
       6
       3
       2
       2
       3
       1
       1
       3
       3
       2
       1
       3
       1
       2
       5
       2
       2
       3
       0
       0
       1
       2
       5
       3
       3
       2
       1
       3
       1
       2
       0
       1
       3
       0
       1
       1
       4
       1
       1
       2
       2
       3
       0
       4
       1
       2
       3
       4
       2
       1
       0
       0
       0
       3
       1
       2
       2
       0
       4
       3
       2
       1
       1
       1
       1
       2
       1
       0
       2
       1
       1
       3
       3
       3
       2
       0
       2
       1
       2
       2
       1
       0
       1
       2
       2
       4
       2
       2
       3
       1
       1
       3
       1
       1
       1
       3
       0
       2
       2
       3
       1
       3
       3
       6
       4
       0
       6
       1
       1
       2
       2
       2
       1
       1
       1
       3
       1
       2
       1
       2
       1
       2
       4
       0
       2
       5
       1
       0
       2
       0
       3
       4
       1
       0
       1
       3
       0
       1
       1
       2
       2
       2
       3
       0
       0
       0
       2
       2
       2
       0
       2
       2
       2
       2
       2
       0
       1
       1
       1
       2
       1
       0
       2
       2
       2
       1
       0
       1
       0
       2
       1
       1
       2
       2
       1
       0
       2
       1
       2
       1
       3
       3
       2
       1
       2
       3
       1
       1
       1
       2
       0
       2
       1
       4
       3
       5
       2
       0
       3
       0
       2
       2
       1
       1
       2
       4
       1
       1
       0
       2
       1
       3
       2
       0
       1
       0
       0
       1
       6
       2
       3
       2
       1
       3
       1
       0
       1
       0
       2
       1
       1
       0
       0
       3
       1
       0
       1
       2
       2
       0
       0
       0
       1
       0
       1
       0
       2
       2
       1
       1
       0
       2
       2
       2
       2
       3
       1
       0
       0
       2
       1
       0
       2
       0
       0
       0
       1
       2
       0
       3
       0
       3
       1
       2
       2
       4
       1
       1
       1
       1
       2
       1
       1
       0
       1
       3
       1
       3
       1
       1
       1
       0
       1
       1
       0
       0
       1
       1
       2
       1
       0
       1
       1
       2
       1
       2
       1
       2
       0
       2
       0
       1
       2
       0
       1
       2
       3
       3
       1
       0
       3
       1
       0
       2
       1
       0
       0
       0
       1
       2
       1
       1
       2
       1
       0
       1
       1
       0
       5
       1
       1
       0
       2
       2
       1
       0
       0
       1
       1
       0
       2
       2
       2
       1
       0
       1
       1
       4
       2
       1
       3
       1
       1
       0
       1
       3
       2
       0
       1
       0
       2
       0
       1
       1
       3
       1
       0
       1
       0
       0
       1
       1
       0
       0
       0
       0
       1
       2
       0
       1
       3
       0
       1
       2
       2
       0
       2
       4
       0
       1
       0
       1
       0
       1
       0
       0
       0
       0
       1
       2
       0
       2
       0
       0
       0
       0
       1
       0
       3
       0
       1
       0
       1
       1
       2
       0
       2
       1
       0
       0
       0
       1
       0
       1
       3
       3
       0
       2
       0
       1
       2
       0
       2
       2
       0
       5
       1
       0
       1
       0
       0
       0
       0
       2
       2
       1
       1
       1
       1
       0
       1
       3
       2
       0
       0
       0
       2
       0
       2
       0
       0
       0
       0
       0
       0
       0
       0
       0
       0
       0
       0
       0
       0
       0
       0
       0
       0
       0
       0
       0
       0
       0
       0
       0
       0
       0
       0
       0
       0
       0
       0
       0
       0
       0
       0
       0
       0
       0
       0
       0
       0
       0
       0
       0
       0
       0
       0
       0
       0
       0
$ROI:
2
3 4
6 1022
$PRESETS:
Live Time
120
0
$ENER_FIT:
0.000000 0.000000
$MCA_CAL:
3
0.000000E+000 0.000000E+000 0.000000E+000 
$SHAPE_CAL:
3
0.000000E+000 0.000000E+000 0.000000E+000
