$SPEC_ID:
No sample description was entered.
$SPEC_REM:
DET# 17
DETDESC# WD011-04 Easy-MCA-8k SN 13260151
AP# Maestro Version 7.01
$DATE_MEA:
04/21/2017 18:34:55
$MEAS_TIM:
120 120
$DATA:
0 1023
       0
       0
       0
       0
       0
       0
       0
       0
       0
       0
       0
       0
       0
       0
       0
       3
       1
       1
       5
       4
       4
       2
       5
       7
       7
       1
       3
       4
       3
       3
       7
       2
       3
       3
       1
       2
       3
       2
       3
       8
       3
       3
       6
       4
       2
       2
       3
       3
      11
       3
       7
       2
       3
       5
       2
       7
       4
       8
       6
       5
       5
      10
       5
       6
       6
       8
       5
       6
       6
       3
       9
       3
       6
       7
       7
       3
       9
       5
       5
       9
       3
       7
       8
      11
      15
      11
      12
      16
      18
      18
      17
      14
      24
      24
      22
      18
      24
      24
      32
      23
      21
      19
      24
      20
      23
      22
      15
      22
      19
      13
      27
      17
      21
      21
      18
      16
      18
      16
      20
      27
      23
      14
       9
      27
      16
      21
      13
      20
      17
      23
      16
      19
      13
      23
      21
      18
      21
      17
      17
      19
      19
      21
      14
      18
      24
      19
      21
      17
      15
      19
      17
      19
      18
      22
      29
      13
      17
      23
      17
      23
      23
      24
      17
      25
      23
      19
      16
      21
      17
      23
      11
      16
      21
      26
      14
      18
      23
      17
      16
      21
      13
      22
      15
      19
      22
      17
      19
      13
      22
      26
      20
      17
      25
      13
      23
      25
      24
      19
      21
      29
      19
      20
      15
      23
      27
      27
      20
      29
      18
      17
      29
      20
      18
      23
      21
      31
      23
      14
      17
      16
      21
      16
      24
      12
      23
      25
      28
      21
      24
      32
      22
      13
      18
      21
      22
      21
      16
      16
      17
      12
      19
      19
      16
      16
      18
      15
      24
       5
      12
      17
      12
      13
      10
       9
      16
      12
       7
       9
       9
       7
      12
      16
      14
      14
       6
       7
      15
       8
       9
       7
       2
       8
       8
      10
       7
       7
       9
       3
       5
       4
       6
      11
       8
       4
       4
       8
       6
       6
      13
       8
      11
       3
       9
       4
       8
       4
       8
       4
      10
       5
      10
       6
       2
       5
       6
      14
       3
       6
       3
       6
       5
       4
       6
      10
       3
       5
       8
       3
       6
       3
       5
       5
       3
       7
       6
       7
       4
       7
       5
       3
       7
       5
       7
       2
       6
       4
       9
       5
       8
       6
       6
       2
       4
       5
       1
       5
       3
       8
       7
       3
       5
       4
       4
       5
       3
       4
       5
       5
       6
       4
       2
       1
       4
       2
       2
       1
       8
       1
       3
       5
       1
       1
       2
       1
       2
       3
       6
       0
       3
       2
       1
       5
       2
       5
       2
       3
       4
       2
       4
       1
       1
       6
       5
       2
       2
       5
       0
       4
       1
       2
       6
       2
       4
       4
       2
       4
       4
       4
       3
       7
       1
       2
       3
       1
       5
       1
       3
       3
       3
       1
       3
       6
       1
       3
       5
       2
       5
       1
       4
       4
       0
       3
       2
       3
       2
       2
       2
       1
       3
       3
       2
       5
       2
       3
       3
       4
       2
       4
       5
       1
       2
       2
       4
       2
       2
       2
       0
       0
       4
       3
       3
       4
       1
       0
       3
       3
       0
       3
       1
       3
       1
       4
       5
       4
       2
       2
       3
       0
       4
       3
       1
       1
       2
       2
       4
       5
       4
       5
       2
       3
       1
       2
       3
       3
       2
       5
       2
       2
       2
       0
       2
       2
       1
       2
       5
       4
       0
       4
       3
       2
       3
       3
       0
       3
       3
       1
       4
       1
       3
       1
       3
       0
       1
       3
       1
       4
       3
       0
       4
       2
       0
       0
       5
       3
       3
       3
       1
       2
       3
       1
       4
       1
       2
       2
       0
       1
       3
       3
       3
       0
       0
       4
       1
       2
       1
       5
       5
       3
       3
       2
       3
       2
       1
       1
       1
       0
       3
       1
       2
       2
       6
       5
       3
       1
       3
       2
       1
       1
       1
       5
       2
       2
       3
       2
       0
       3
       0
       2
       3
       4
       1
       2
       0
       1
       3
       4
       3
       2
       2
       2
       0
       3
       2
       2
       1
       3
       5
       1
       0
       2
       1
       0
       2
       0
       2
       2
       2
       1
       0
       1
       1
       2
       0
       2
       3
       2
       0
       2
       2
       2
       0
       1
       1
       3
       4
       1
       1
       1
       1
       3
       0
       2
       2
       2
       0
       0
       1
       1
       1
       3
       4
       1
       2
       0
       4
       1
       2
       2
       3
       1
       2
       2
       0
       2
       4
       0
       3
       1
       1
       0
       2
       0
       1
       4
       1
       1
       2
       1
       0
       2
       0
       2
       5
       1
       3
       2
       0
       5
       3
       0
       1
       3
       3
       1
       6
       2
       2
       1
       2
       0
       3
       2
       2
       2
       2
       1
       1
       2
       1
       0
       1
       1
       3
       1
       2
       1
       2
       1
       0
       0
       4
       2
       3
       1
       2
       0
       0
       0
       2
       2
       1
       2
       0
       1
       2
       1
       0
       0
       1
       2
       3
       1
       2
       0
       1
       3
       0
       1
       1
       1
       1
       2
       1
       0
       1
       0
       3
       0
       1
       1
       1
       1
       0
       1
       2
       2
       1
       2
       1
       1
       2
       1
       1
       1
       2
       0
       2
       2
       0
       2
       1
       1
       0
       3
       0
       0
       1
       0
       1
       0
       2
       1
       1
       1
       1
       1
       0
       2
       0
       2
       2
       2
       2
       2
       1
       0
       0
       3
       1
       0
       1
       1
       0
       2
       1
       0
       3
       1
       0
       3
       1
       2
       0
       0
       1
       0
       0
       0
       0
       2
       0
       1
       0
       2
       2
       1
       1
       0
       3
       1
       2
       1
       1
       1
       2
       2
       2
       1
       1
       0
       2
       1
       1
       1
       0
       1
       1
       0
       0
       1
       0
       1
       0
       1
       0
       1
       0
       0
       0
       0
       0
       4
       0
       0
       1
       1
       0
       0
       2
       1
       1
       1
       0
       0
       0
       2
       2
       1
       0
       1
       0
       0
       1
       1
       0
       0
       1
       1
       1
       2
       0
       1
       2
       1
       0
       2
       0
       1
       1
       0
       1
       1
       2
       0
       0
       0
       1
       0
       0
       1
       2
       2
       2
       0
       1
       3
       0
       0
       1
       3
       0
       1
       0
       1
       0
       2
       0
       1
       1
       0
       1
       0
       1
       0
       0
       1
       0
       1
       1
       1
       0
       0
       0
       0
       1
       2
       3
       0
       0
       1
       1
       0
       1
       1
       1
       1
       0
       0
       0
       1
       1
       0
       0
       0
       0
       0
       0
       0
       0
       0
       0
       0
       0
       0
       0
       0
       0
       0
       0
       0
       0
       0
       0
       0
       0
       0
       0
       0
       0
       0
       0
       0
       0
       0
       0
       0
       0
       0
       0
       0
       0
       0
       0
       0
       0
       0
       0
       0
       0
       0
       0
       0
       0
       0
$ROI:
2
3 4
6 1022
$PRESETS:
Live Time
120
0
$ENER_FIT:
0.000000 0.000000
$MCA_CAL:
3
0.000000E+000 0.000000E+000 0.000000E+000 
$SHAPE_CAL:
3
0.000000E+000 0.000000E+000 0.000000E+000
