$SPEC_ID:
No sample description was entered.
$SPEC_REM:
DET# 17
DETDESC# WD011-04 Easy-MCA-8k SN 13260151
AP# Maestro Version 7.01
$DATE_MEA:
04/21/2017 18:00:07
$MEAS_TIM:
120 120
$DATA:
0 1023
       0
       0
       0
       0
       0
       0
       0
       0
       0
       0
       0
       0
       0
       1
       3
       3
       2
       5
       3
       2
       3
       4
       4
       5
       1
       6
       2
       4
       1
       4
       4
       6
       3
       1
       5
       5
      10
       2
       3
       3
       4
       4
       7
       3
       8
       4
       5
       5
       2
       2
      11
       5
       6
      10
       6
       6
       6
       8
       4
       2
       4
       2
      11
       9
       5
       9
       6
       3
       7
       8
       3
       6
       5
       5
      10
      10
      12
      13
       5
      10
       9
       7
      14
      13
      13
      12
      12
      12
      11
      14
      15
      12
      23
      26
      15
      29
      28
      24
      26
      25
      29
      26
      20
      16
      19
      21
      24
      12
      10
      16
      13
      20
      23
      14
      23
      24
      19
      14
      14
      18
      17
      12
      16
      15
      18
      18
      13
      21
      15
      24
      15
      18
      19
      11
      21
      17
      14
      16
      18
      15
      19
       9
      18
      19
      22
      14
      20
      17
      17
      21
      18
      15
      19
      24
      15
      16
      21
      19
      22
      10
      31
      12
      19
      15
      24
      16
      23
      22
      20
      22
      23
      20
      18
      20
      19
      19
      23
      21
      23
      18
      18
      21
      18
      14
      22
      20
      16
      19
      11
      20
      18
      14
      13
      17
      18
      22
      18
      20
      17
      24
      25
      20
      18
      19
      19
      16
      22
      20
      18
      25
      20
      18
      23
      17
      25
      21
      16
      28
      20
      22
      19
      19
      18
      29
      13
      12
      16
      24
      24
      22
      20
      13
      19
      29
      21
      21
      23
      24
      15
      17
      11
      12
      15
      18
      15
      11
      15
      17
      14
      12
      13
      12
      14
      10
       7
      13
       4
       9
      11
       6
       4
      10
       4
       8
       6
       6
       5
       9
       8
      10
       8
       4
      10
      10
       9
       7
      10
      10
       7
       7
       8
       8
       9
      10
       3
       5
       7
       4
       4
       6
       9
       7
       6
       8
       5
       5
       5
       3
       6
       7
      10
       7
       5
       8
      10
       5
       5
       5
      10
       5
       6
       6
       9
       7
       5
       4
       1
       5
       1
       6
       6
       9
       6
       9
       4
       4
       5
       7
       5
       2
       0
       6
       5
       4
       9
       8
      10
       4
       6
       5
       4
       2
       6
       7
       3
       7
       3
       5
      10
       6
       4
       5
       5
       2
       7
       1
       4
       3
       5
       3
       4
       3
       1
       7
       3
       3
       6
       3
       4
       5
       3
       5
       4
       8
       1
       4
       4
       8
       4
       8
      10
       2
       4
       4
       2
       3
       5
       3
       5
       6
       1
       5
       5
       5
       2
       2
       5
       6
       4
       4
       5
       2
       4
       4
       2
       6
       1
       4
       3
       3
       6
       4
       2
       2
       7
       2
       4
       4
       1
       2
       2
       5
       2
       3
       3
       4
       1
       3
       4
       3
       4
       5
       4
       3
       6
       5
       1
       2
       2
       2
       0
       3
       4
       3
       2
       3
       4
       1
       4
       2
       0
       3
       6
       4
       0
       3
       4
       4
       2
       1
       3
       0
       2
       1
       1
       2
       2
       2
       1
       3
       0
       2
       5
       2
       2
       3
       2
       3
       4
       0
       3
       6
       3
       4
       0
       3
       1
       0
       1
       5
       1
       0
       3
       4
       2
       5
       0
       3
       2
       3
       2
       1
       0
       2
       1
       0
       2
       2
       5
       2
       1
       3
       3
       3
       3
       4
       1
       2
       0
       3
       4
       1
       3
       0
       2
       2
       2
       1
       4
       1
       2
       2
       3
       1
       2
       6
       2
       0
       2
       0
       1
       1
       1
       0
       2
       1
       1
       6
       0
       2
       3
       2
       1
       1
       1
       1
       3
       3
       1
       1
       1
       2
       0
       2
       1
       1
       0
       2
       2
       2
       2
       0
       1
       1
       1
       1
       1
       2
       0
       2
       2
       0
       2
       2
       3
       2
       3
       0
       2
       1
       1
       4
       2
       5
       5
       2
       1
       1
       2
       2
       2
       1
       7
       2
       2
       3
       1
       0
       1
       2
       0
       3
       3
       3
       0
       1
       2
       4
       0
       2
       1
       0
       1
       1
       0
       3
       0
       2
       2
       2
       2
       0
       2
       3
       0
       0
       1
       1
       1
       0
       0
       0
       4
       2
       3
       2
       2
       4
       3
       2
       3
       1
       2
       1
       1
       4
       2
       1
       1
       0
       1
       1
       3
       0
       1
       2
       3
       1
       0
       2
       1
       2
       1
       0
       3
       1
       2
       0
       3
       5
       2
       1
       2
       1
       0
       3
       1
       2
       3
       2
       1
       2
       0
       1
       2
       0
       4
       1
       2
       1
       1
       1
       0
       4
       4
       1
       2
       1
       1
       0
       1
       1
       0
       2
       7
       2
       3
       1
       2
       4
       1
       4
       1
       3
       1
       0
       3
       2
       5
       1
       2
       0
       1
       3
       2
       0
       0
       0
       2
       0
       1
       2
       1
       0
       3
       0
       1
       1
       2
       1
       1
       2
       2
       1
       1
       3
       1
       1
       1
       1
       0
       0
       0
       3
       1
       3
       3
       1
       1
       0
       2
       2
       3
       2
       3
       1
       2
       3
       2
       3
       1
       1
       1
       2
       0
       0
       0
       2
       2
       2
       1
       0
       1
       4
       5
       0
       3
       1
       2
       0
       1
       2
       0
       1
       1
       1
       1
       0
       0
       0
       0
       0
       2
       1
       1
       2
       3
       2
       2
       1
       0
       1
       1
       1
       1
       0
       0
       0
       1
       0
       0
       2
       0
       3
       0
       0
       0
       0
       1
       0
       1
       0
       1
       1
       0
       0
       1
       1
       1
       1
       1
       2
       0
       2
       1
       0
       3
       3
       0
       0
       1
       2
       1
       0
       1
       0
       0
       0
       1
       1
       3
       1
       4
       0
       2
       1
       3
       0
       1
       0
       1
       1
       0
       0
       1
       1
       0
       1
       1
       1
       0
       1
       3
       2
       1
       0
       1
       1
       2
       0
       0
       0
       3
       0
       0
       0
       0
       2
       0
       0
       3
       1
       2
       0
       1
       0
       1
       2
       0
       1
       1
       0
       0
       0
       0
       0
       1
       1
       1
       2
       1
       3
       0
       0
       1
       0
       0
       0
       0
       0
       0
       2
       0
       2
       0
       0
       0
       0
       0
       0
       2
       3
       0
       2
       1
       2
       2
       1
       1
       0
       0
       0
       2
       1
       0
       1
       0
       2
       1
       0
       1
       1
       1
       0
       0
       0
       0
       0
       0
       0
       0
       0
       0
       0
       0
       0
       0
       0
       0
       0
       0
       0
       0
       0
       0
       0
       0
       0
       0
       0
       0
       0
       0
       0
       0
       0
       0
       0
       0
       0
       0
       0
       0
       0
       0
       0
       0
       0
       0
       0
       0
       0
       0
       0
$ROI:
2
3 4
6 1022
$PRESETS:
Live Time
120
0
$ENER_FIT:
0.000000 0.000000
$MCA_CAL:
3
0.000000E+000 0.000000E+000 0.000000E+000 
$SHAPE_CAL:
3
0.000000E+000 0.000000E+000 0.000000E+000
