$SPEC_ID:
No sample description was entered.
$SPEC_REM:
DET# 17
DETDESC# WD011-04 Easy-MCA-8k SN 13260151
AP# Maestro Version 7.01
$DATE_MEA:
04/21/2017 18:38:45
$MEAS_TIM:
120 120
$DATA:
0 1023
       0
       0
       0
       0
       0
       0
       0
       0
       0
       0
       0
       0
       0
       0
       4
       3
       2
       2
       2
       3
       1
       2
       4
       4
       6
       4
       2
       1
       5
       6
       5
       5
       4
       1
       4
       2
       8
       8
       4
       7
       6
       4
       3
       2
       5
       4
       3
       5
       5
       6
       4
       4
       3
       7
       7
      10
       8
       3
       6
      13
       5
       2
       8
       6
       5
      12
       7
       9
       7
       2
       6
       9
       4
       7
       9
       3
       5
       9
       7
       7
      13
       6
      13
       8
      10
      19
      18
      16
      13
      18
      13
      19
      18
      26
      14
      25
      22
      23
      28
      24
      18
      18
      19
      20
      23
      27
      22
      20
      21
      18
      21
      28
      24
      22
      23
      19
      14
      27
      16
      13
      12
      19
      22
      21
      16
      20
      18
      25
      21
      21
      15
      24
      13
      21
      18
      23
      17
      20
      20
      20
      14
      16
      17
      23
      18
      26
      24
      31
      21
      14
      20
      17
      13
      19
      17
      16
      23
      17
      20
      17
      26
      22
      24
      20
      18
      20
      22
      24
      18
      22
      15
      26
      21
      25
      19
      14
      13
      25
      16
      15
      19
      14
      23
      26
      19
      18
      15
      15
      20
      24
      14
      26
      19
      21
      22
      12
      22
      18
      19
      27
      18
      23
      19
      19
      14
      19
      20
      26
      21
      20
      24
      19
      26
      16
      14
      21
      24
      20
      18
      18
      17
      29
      22
      16
      15
      26
      20
      23
      17
      19
      19
      31
      25
      34
      22
      23
      16
      25
      20
      15
      12
      15
      21
      18
      20
      13
      12
      17
      19
      11
       7
       8
      15
      16
       8
      10
      11
       7
       7
      12
       9
      11
      12
       9
       7
       5
       8
       8
      16
       6
      10
       9
       7
       4
      10
       5
       2
       8
       8
       6
       5
       5
       8
      12
      11
       6
       9
       5
      10
      11
       7
       8
      11
       8
       6
       7
       8
       5
       3
       8
       4
       4
       8
       6
       2
       8
       5
       2
       5
       7
       4
       7
       0
       3
       6
       5
       6
       6
      10
       4
       5
       4
       6
       8
       5
       4
       5
       5
       8
       7
       4
       6
       4
       4
       7
       7
       6
       5
       2
       6
       0
       7
       3
       5
       5
       9
       3
       6
       2
       5
       7
       5
       3
       4
       4
       5
       7
       3
       3
       2
       6
       4
       1
       4
       2
       3
       6
       6
       4
       8
       4
       5
       3
       8
       3
       0
       2
       4
       2
       5
       2
       4
       6
       2
       9
       5
       4
       2
       2
       3
       4
       5
       6
       4
       8
       5
       1
       5
       0
       2
       1
       3
       5
       1
       5
       2
       1
       2
       3
       6
       2
       2
       4
       1
       3
       6
       5
       3
       3
       6
       3
       5
       0
       0
       3
       3
       4
       3
       1
       3
       6
       5
       4
       4
       2
       4
       1
       3
       4
       4
       0
       6
       2
       4
       3
       3
       3
       4
       2
       4
       6
       2
       2
       3
       1
       8
       1
       2
       0
       1
       4
       2
       2
       2
       3
       7
       2
       6
       1
       2
       2
       4
       0
       2
       5
       2
       3
       2
       3
       3
       0
       5
       2
       2
       1
       0
       3
       0
       2
       1
       1
       3
       3
       3
       4
       0
       4
       1
       1
       1
       4
       3
       3
       0
       1
       3
       4
       3
       2
       1
       1
       0
       2
       1
       1
       0
       2
       2
       0
       1
       0
       5
       0
       1
       1
       4
       2
       1
       4
       1
       1
       3
       4
       2
       3
       2
       3
       2
       2
       2
       0
       4
       2
       0
       0
       1
       2
       1
       1
       1
       9
       4
       1
       1
       2
       2
       2
       2
       1
       1
       2
       3
       2
       1
       1
       3
       4
       0
       1
       3
       2
       1
       1
       6
       0
       2
       2
       1
       1
       1
       4
       2
       4
       1
       1
       4
       2
       2
       1
       1
       2
       2
       4
       3
       1
       2
       2
       1
       2
       1
       1
       2
       1
       1
       1
       4
       0
       2
       3
       1
       1
       1
       0
       0
       0
       1
       4
       3
       2
       0
       2
       0
       1
       1
       1
       2
       2
       1
       1
       3
       1
       2
       1
       2
       2
       0
       1
       1
       2
       0
       2
       1
       1
       1
       0
       2
       2
       2
       2
       3
       1
       0
       1
       4
       0
       1
       3
       4
       3
       3
       2
       2
       1
       2
       1
       1
       1
       1
       1
       1
       0
       2
       0
       3
       2
       3
       0
       2
       1
       0
       1
       0
       2
       3
       2
       1
       1
       2
       3
       2
       1
       2
       1
       0
       0
       3
       0
       2
       1
       1
       1
       3
       4
       4
       2
       2
       2
       1
       2
       2
       1
       3
       3
       1
       1
       1
       4
       2
       2
       1
       0
       1
       3
       0
       1
       1
       1
       1
       2
       1
       1
       0
       1
       2
       1
       4
       2
       1
       1
       2
       5
       1
       1
       1
       2
       1
       1
       0
       2
       2
       2
       2
       2
       2
       1
       3
       2
       3
       1
       2
       2
       3
       0
       0
       3
       0
       1
       2
       2
       3
       1
       1
       0
       2
       2
       1
       2
       0
       0
       4
       0
       0
       2
       2
       3
       2
       2
       2
       2
       0
       1
       2
       1
       2
       2
       0
       0
       2
       3
       3
       2
       1
       0
       0
       2
       0
       1
       1
       0
       2
       1
       2
       1
       0
       3
       0
       0
       2
       2
       0
       0
       4
       1
       2
       1
       1
       0
       2
       0
       1
       3
       0
       1
       1
       2
       0
       2
       0
       1
       2
       3
       2
       1
       0
       0
       0
       0
       1
       1
       1
       1
       2
       0
       0
       3
       3
       2
       1
       0
       0
       0
       2
       1
       2
       0
       0
       1
       1
       0
       1
       0
       1
       1
       1
       1
       1
       2
       1
       0
       0
       0
       1
       1
       3
       0
       1
       0
       1
       0
       2
       0
       1
       2
       0
       2
       0
       0
       2
       1
       1
       0
       1
       1
       0
       2
       2
       3
       2
       0
       1
       0
       1
       1
       1
       1
       2
       2
       2
       1
       1
       2
       0
       1
       0
       3
       0
       1
       0
       0
       0
       1
       2
       0
       0
       0
       0
       1
       0
       1
       0
       3
       1
       1
       0
       0
       1
       2
       1
       0
       2
       2
       0
       2
       3
       1
       0
       1
       1
       1
       2
       2
       1
       1
       1
       1
       0
       2
       1
       2
       3
       0
       1
       3
       0
       0
       0
       0
       0
       0
       0
       0
       0
       0
       0
       0
       0
       0
       0
       0
       0
       0
       0
       0
       0
       0
       0
       0
       0
       0
       0
       0
       0
       0
       0
       0
       0
       0
       0
       0
       0
       0
       0
       0
       0
       0
       0
       0
       0
       0
       0
       0
       0
       0
       0
$ROI:
2
3 4
6 1022
$PRESETS:
Live Time
120
0
$ENER_FIT:
0.000000 0.000000
$MCA_CAL:
3
0.000000E+000 0.000000E+000 0.000000E+000 
$SHAPE_CAL:
3
0.000000E+000 0.000000E+000 0.000000E+000
