$SPEC_ID:
No sample description was entered.
$SPEC_REM:
DET# 17
DETDESC# WD011-04 Easy-MCA-8k SN 13260151
AP# Maestro Version 7.01
$DATE_MEA:
04/21/2017 18:52:02
$MEAS_TIM:
120 120
$DATA:
0 1023
       0
       0
       0
       0
       0
       0
       0
       0
       0
       0
       0
       0
       0
       0
       1
       4
       3
       7
       0
       4
       5
       1
       3
       3
       7
       5
       5
       5
       1
       3
       2
       2
       4
       3
       6
       6
       2
       5
       7
       4
       6
       5
       5
       1
       7
       2
       6
       8
       3
       4
       4
       7
       7
       6
      11
       3
       7
       5
       4
       7
       5
       6
       5
       9
       3
       8
       4
       3
       7
       3
       2
       8
       9
       7
       6
      10
       6
       4
       4
       9
      12
      13
      10
      16
      10
      10
      17
      12
      14
      13
      20
      13
      23
      17
      23
      19
      23
      30
      13
      28
      29
      26
      24
      25
      16
      19
      16
      27
      18
      15
      23
      16
      24
      24
      15
      22
      19
      16
      14
      12
      20
      17
      19
      14
      20
      24
      10
      20
      10
      20
      17
      19
      18
      20
      12
      17
      21
      19
      17
      22
      21
      21
      23
      18
      20
      17
      13
      15
      18
      15
      18
      20
      12
      19
      20
      17
      20
      15
      26
      21
      17
      15
      23
      16
      18
      11
      20
      19
      21
      22
      12
      20
      21
      13
      22
      24
       8
      22
      20
      21
      19
      21
      16
      14
      21
      25
      16
      12
      12
      14
      18
      24
      23
      24
      17
      15
      16
      21
      21
      24
      21
      16
      18
      26
      18
      19
       7
      18
      16
      18
      14
      26
      22
      19
      28
      19
      17
      12
      17
      22
      22
      19
      23
      23
      24
      20
      19
      26
      31
      18
      19
      15
      21
      17
      23
      18
      18
      17
      22
      19
      24
      23
      16
      19
      19
      14
      13
      11
      19
      15
      10
      10
      11
      15
      16
       4
       7
       7
      14
      10
       7
      10
       7
       8
       9
       6
       7
       9
      10
      17
       8
      12
      10
       6
       4
       5
       5
       9
       8
       4
       7
       4
       4
      10
       3
      12
       9
       6
      13
       8
       7
      11
      10
       1
       2
       8
       5
       9
       6
       3
       4
       6
       8
       5
       6
       8
       7
       2
       4
       7
       4
       7
       4
       4
       4
       5
       4
       6
       8
       5
       0
       5
       4
       5
       7
       3
       7
       4
       0
       4
       5
       7
       6
       5
      12
       6
       8
       5
       4
       6
       4
       5
       6
       2
       3
       6
       5
       8
       6
       6
       5
       8
       6
       8
       5
       3
       5
       3
       4
       4
       5
       6
       3
       5
       7
       3
       6
       2
       4
       8
       4
       3
       3
       2
       4
       3
       6
       2
       3
       2
       1
       2
       4
       2
       1
       2
       3
       2
       1
       7
       4
       3
       7
       2
       3
       5
       6
       0
       6
       2
       4
       6
       6
       5
       3
       5
       2
       1
       5
       8
       4
       2
       3
       4
       4
       2
       3
       3
       1
       1
       1
       2
       3
       2
       5
       3
       6
       2
       2
       1
       4
       1
       4
       3
       5
       2
       1
       1
       5
       4
       2
       2
       6
       2
       2
       3
       1
       0
       1
       3
       2
       2
       1
       1
       2
       0
       2
       3
       1
       2
       2
       2
       1
       1
       2
       3
       0
       4
       2
       4
       1
       3
       8
       2
       1
       2
       1
       0
       6
       1
       2
       1
       4
       6
       1
       3
       2
       0
       0
       2
       1
       1
       1
       2
       1
       0
       2
       1
       2
       1
       3
       2
       3
       0
       4
       2
       2
       2
       1
       4
       3
       5
       3
       1
       4
       3
       8
       5
       5
       2
       1
       2
       3
       4
       1
       2
       2
       0
       3
       1
       3
       1
       3
       4
       3
       3
       2
       1
       1
       3
       1
       1
       1
       2
       1
       4
       2
       2
       3
       3
       3
       3
       1
       0
       3
       1
       2
       3
       3
       0
       2
       2
       1
       1
       0
       2
       1
       0
       2
       1
       5
       4
       4
       0
       1
       0
       2
       0
       1
       1
       4
       2
       1
       4
       0
       2
       2
       5
       1
       1
       1
       1
       1
       2
       0
       1
       1
       5
       2
       0
       2
       2
       4
       2
       0
       0
       3
       3
       3
       0
       2
       2
       0
       1
       4
       3
       0
       1
       1
       0
       0
       1
       3
       2
       1
       0
       3
       2
       2
       2
       3
       1
       2
       2
       2
       2
       1
       2
       2
       4
       2
       1
       0
       2
       1
       3
       0
       3
       2
       0
       0
       2
       3
       1
       0
       1
       1
       1
       0
       5
       1
       0
       0
       0
       2
       1
       1
       2
       0
       1
       2
       0
       2
       0
       0
       0
       2
       0
       2
       3
       3
       1
       1
       2
       0
       1
       1
       1
       0
       1
       0
       0
       3
       1
       1
       3
       2
       2
       2
       1
       2
       3
       2
       1
       0
       1
       1
       2
       1
       1
       0
       1
       1
       2
       2
       3
       0
       3
       3
       0
       2
       0
       1
       3
       3
       1
       1
       3
       3
       1
       3
       3
       0
       1
       0
       1
       4
       1
       0
       2
       1
       4
       2
       0
       0
       0
       4
       0
       3
       1
       4
       2
       4
       1
       1
       0
       2
       3
       0
       1
       2
       1
       2
       2
       3
       1
       2
       2
       1
       2
       1
       2
       3
       1
       2
       3
       0
       1
       1
       2
       1
       1
       0
       1
       0
       1
       4
       0
       3
       1
       0
       1
       3
       2
       2
       1
       1
       2
       0
       1
       1
       0
       0
       1
       2
       2
       2
       3
       0
       0
       1
       1
       2
       0
       0
       1
       2
       1
       1
       1
       0
       0
       0
       1
       2
       1
       0
       0
       1
       0
       1
       2
       0
       2
       0
       1
       1
       0
       4
       2
       0
       0
       0
       0
       0
       1
       1
       0
       0
       2
       3
       1
       3
       0
       0
       0
       1
       2
       0
       0
       2
       1
       0
       3
       3
       0
       0
       1
       0
       0
       0
       1
       5
       0
       0
       2
       0
       2
       2
       0
       0
       0
       1
       0
       0
       0
       0
       1
       1
       0
       2
       0
       0
       1
       1
       0
       0
       1
       0
       0
       1
       2
       0
       2
       0
       0
       0
       0
       0
       1
       5
       1
       0
       0
       0
       0
       0
       0
       0
       0
       1
       0
       1
       0
       1
       2
       0
       0
       1
       1
       0
       1
       0
       1
       0
       1
       1
       1
       1
       0
       1
       0
       2
       0
       0
       1
       0
       0
       1
       1
       0
       0
       0
       2
       0
       2
       2
       0
       1
       0
       0
       2
       0
       0
       1
       3
       2
       0
       0
       2
       2
       2
       0
       0
       0
       0
       0
       0
       0
       0
       0
       0
       0
       0
       0
       0
       0
       0
       0
       0
       0
       0
       0
       0
       0
       0
       0
       0
       0
       0
       0
       0
       0
       0
       0
       0
       0
       0
       0
       0
       0
       0
       0
       0
       0
       0
       0
       0
       0
       0
       0
       0
       0
       0
$ROI:
2
3 4
6 1022
$PRESETS:
Live Time
120
0
$ENER_FIT:
0.000000 0.000000
$MCA_CAL:
3
0.000000E+000 0.000000E+000 0.000000E+000 
$SHAPE_CAL:
3
0.000000E+000 0.000000E+000 0.000000E+000
