$SPEC_ID:
No sample description was entered.
$SPEC_REM:
DET# 17
DETDESC# WD011-04 Easy-MCA-8k SN 13260151
AP# Maestro Version 7.01
$DATE_MEA:
04/21/2017 16:01:35
$MEAS_TIM:
240 240
$DATA:
0 1023
       0
       0
       0
       0
       0
       0
       0
       0
       0
       0
       0
       0
       0
       3
       8
       8
       6
       2
       8
       4
       4
       7
       9
       8
       5
       5
       9
       5
       7
       5
       9
       4
       6
       9
      12
       6
       9
       7
      11
       6
       6
      12
       8
       8
      13
       5
       8
      10
       9
      10
      10
       7
      12
       9
      15
       8
      12
      14
       7
       9
      13
      15
      15
      11
       7
      14
      10
      10
      11
       9
       9
      10
      12
      16
      18
      13
      22
      23
      18
      20
      27
      20
      18
      25
      13
      24
      21
      23
      32
      37
      30
      38
      34
      39
      53
      47
      54
      53
      48
      49
      44
      45
      38
      48
      41
      40
      44
      38
      31
      43
      44
      50
      61
      35
      43
      38
      42
      48
      41
      36
      35
      24
      34
      39
      36
      41
      36
      45
      33
      45
      48
      42
      44
      29
      33
      37
      28
      49
      31
      30
      35
      38
      34
      39
      42
      34
      46
      32
      31
      35
      38
      36
      35
      36
      34
      31
      30
      47
      35
      38
      49
      37
      41
      38
      31
      32
      29
      38
      39
      42
      35
      39
      43
      42
      34
      39
      37
      39
      48
      33
      37
      38
      39
      30
      41
      48
      35
      34
      44
      40
      42
      52
      44
      41
      32
      35
      40
      46
      44
      32
      38
      34
      38
      31
      40
      49
      38
      39
      43
      33
      37
      33
      52
      48
      41
      36
      46
      37
      35
      39
      41
      40
      47
      40
      43
      53
      52
      38
      39
      45
      58
      48
      29
      46
      42
      36
      43
      48
      31
      41
      26
      42
      34
      42
      21
      22
      38
      34
      35
      29
      28
      21
      22
      17
      20
      26
      23
      21
      29
      18
      17
      18
      22
      23
      19
      21
      10
      26
      18
      18
      22
      17
      23
      15
      16
      15
      13
      16
      12
      13
      16
      20
      13
      20
      26
      16
      11
      15
      11
      13
      13
      20
       8
      12
      15
      14
      16
       8
      22
       8
      16
      10
      13
      10
       9
      12
      12
      13
      12
      13
      17
      11
      13
      15
      12
      14
       7
      16
      14
      11
      10
      15
      14
       9
      15
      12
      11
      12
       8
       7
      10
       7
      15
      12
       8
       2
       9
       7
       4
       8
      10
      12
      16
      11
      12
       5
       6
       9
       9
       7
       6
      11
      12
      11
       5
       6
       5
       8
       5
       7
       9
      11
       5
      15
       8
       8
       7
       6
       8
       5
      10
       7
       9
       9
       6
       8
       5
       3
       5
       4
       3
       7
      10
       9
       5
       6
      11
       4
       7
       5
       2
       5
       6
       7
       5
       4
      11
      10
      10
       6
       1
      10
       5
       9
       7
       4
       4
      10
       9
      12
       7
       2
       6
       7
       7
      10
       8
       5
       9
       7
       7
       2
       8
       8
       7
       5
       8
       6
       5
       8
       8
       7
       4
       4
       6
       8
       5
       5
       5
       6
       4
       4
       7
       1
       3
       8
       8
       5
       4
       2
       5
       3
       9
       6
       4
       4
      11
      10
       6
       5
       7
       4
       4
       7
       4
       6
       5
       5
       2
       7
       6
       4
       1
       3
       5
       5
       4
       6
       7
       4
       4
       0
       3
       4
       6
       5
       7
       6
       4
       6
       9
       4
       0
       3
       8
       4
       5
       0
       4
       8
       6
       3
       6
       5
       2
       5
       3
       5
       4
       7
       3
       3
       7
       3
       5
       5
       2
       2
       6
       3
       6
       1
       2
       3
      10
       2
       3
       6
       7
       3
       1
       5
       2
       6
       2
       4
       4
       3
       2
       6
       8
       3
       4
       2
       3
       7
       3
       2
       6
       2
       2
       7
       1
       4
       3
       1
       5
       4
       1
       2
       6
       2
       7
       4
       2
       1
       4
       5
       3
       4
       1
       1
       7
       3
       3
       5
       1
       9
       7
       4
       3
       4
       4
       6
       1
       3
       4
       4
       4
       4
       4
       3
       2
       6
       5
       3
       4
       4
       2
       4
       5
       6
       4
       2
       3
       6
       7
       1
       4
       4
       6
       3
       5
       2
       3
       1
       5
       4
       3
       2
       9
       4
       2
       3
       5
       3
       6
       4
       2
       6
       5
       3
       1
       2
       4
       2
       1
       2
       2
       4
       4
       2
       3
       7
       2
       4
       2
       3
       2
       0
       1
       2
       2
       3
       4
       5
       4
       0
       4
       4
       0
       3
       0
       4
       2
       6
       0
       5
       1
       3
       2
       5
       0
       6
       6
       4
       3
       3
       1
       6
       2
       4
       2
       1
       1
       3
       5
       2
       3
       4
       2
       4
       4
       4
       4
       5
       3
       2
       5
       3
       1
       6
       3
       2
       0
       3
       4
       4
       2
       3
       3
       5
       0
       1
       4
       5
       4
       6
       1
       2
       3
       3
       0
       3
       7
       5
       6
       3
       5
       4
       1
       2
       3
       3
       3
       5
       5
       7
       5
       1
       6
       2
       3
       3
       3
       1
       2
       3
       2
       1
       0
       5
       2
       4
       2
       3
       2
       1
       3
       1
       2
       4
       3
       4
       2
       7
       3
       3
       3
       3
       1
       3
       4
       4
       0
       1
       5
       2
       3
       3
       2
       2
       1
       4
       1
       2
       4
       0
       5
       3
       2
       2
       2
       1
       3
       0
       1
       1
       4
       2
       0
       1
       3
       5
       0
       0
       0
       0
       3
       0
       1
       2
       0
       1
       0
       1
       1
       1
       2
       1
       3
       1
       1
       2
       3
       0
       3
       1
       3
       2
       2
       3
       3
       2
       2
       4
       2
       1
       4
       1
       0
       1
       2
       2
       2
       1
       3
       2
       3
       1
       2
       2
       3
       1
       2
       2
       2
       3
       3
       2
       1
       1
       1
       1
       3
       2
       2
       2
       4
       2
       4
       5
       1
       3
       3
       2
       0
       2
       1
       1
       2
       2
       2
       3
       1
       3
       2
       1
       4
       1
       1
       1
       1
       2
       4
       4
       0
       2
       1
       1
       1
       2
       1
       3
       3
       1
       2
       2
       0
       1
       1
       1
       3
       2
       3
       1
       1
       0
       2
       2
       1
       1
       0
       2
       3
       1
       0
       3
       3
       1
       1
       1
       1
       4
       4
       3
       1
       1
       0
       1
       0
       4
       1
       2
       1
       1
       2
       3
       2
       3
       0
       3
       3
       2
       2
       2
       2
       1
       2
       0
       1
       1
       2
       1
       0
       0
       1
       1
       2
       2
       0
       1
       0
       1
       0
       0
       0
       0
       0
       0
       0
       0
       0
       0
       0
       0
       0
       0
       0
       0
       0
       0
       0
       0
       0
       0
       0
       0
       0
       0
       0
       0
       0
       0
       0
       0
       0
       0
       0
       0
       0
       0
       0
       0
       0
       0
       0
       0
       0
       0
       0
       0
       0
       0
$ROI:
2
3 4
6 1022
$PRESETS:
Live Time
240
0
$ENER_FIT:
0.000000 0.000000
$MCA_CAL:
3
0.000000E+000 0.000000E+000 0.000000E+000 
$SHAPE_CAL:
3
0.000000E+000 0.000000E+000 0.000000E+000
