$SPEC_ID:
No sample description was entered.
$SPEC_REM:
DET# 17
DETDESC# WD011-04 Easy-MCA-8k SN 13260151
AP# Maestro Version 7.01
$DATE_MEA:
04/21/2017 17:01:42
$MEAS_TIM:
240 240
$DATA:
0 1023
       0
       0
       0
       0
       0
       0
       0
       0
       0
       0
       0
       0
       0
       5
       7
       8
       9
       7
       4
       6
       5
       7
       9
       3
       5
      11
       6
       4
      10
       3
      13
      12
       3
       9
       9
       7
       7
      10
       6
       8
      11
       7
      10
      14
      10
      11
       8
       9
      12
      16
      15
       8
      11
      11
      18
      17
      11
       8
      17
      16
      16
      16
      15
      12
       7
      10
      11
      11
      12
      16
      19
      16
      14
      24
      20
      27
      20
      13
      24
      21
      18
      21
      22
      31
      28
      33
      17
      21
      22
      31
      31
      30
      44
      45
      36
      66
      59
      68
      54
      69
      60
      63
      54
      40
      38
      38
      35
      47
      41
      37
      59
      46
      49
      48
      43
      32
      33
      39
      29
      46
      28
      39
      39
      45
      46
      36
      32
      43
      40
      48
      40
      39
      44
      41
      42
      37
      36
      38
      40
      36
      34
      42
      47
      32
      39
      42
      40
      50
      33
      37
      37
      43
      43
      33
      40
      32
      24
      42
      52
      35
      44
      43
      37
      45
      44
      39
      45
      35
      48
      48
      36
      38
      43
      38
      41
      48
      41
      43
      45
      42
      42
      49
      50
      35
      46
      60
      43
      47
      41
      50
      45
      32
      49
      50
      45
      36
      43
      41
      34
      27
      35
      46
      44
      42
      42
      50
      28
      54
      40
      40
      44
      47
      32
      47
      36
      45
      32
      42
      54
      53
      46
      40
      40
      39
      61
      41
      46
      58
      45
      50
      43
      51
      39
      46
      40
      52
      36
      57
      48
      49
      37
      35
      29
      31
      42
      23
      46
      32
      23
      39
      29
      24
      24
      26
      28
      26
      29
      30
      22
      25
      21
      19
      20
      23
      13
      26
      11
      18
      16
      10
      15
      17
      22
      21
      25
      25
      15
      26
      19
      14
      13
      16
      10
      18
      14
      16
      15
      23
      12
      17
      25
      22
      11
      16
      16
      13
      16
      13
      16
      16
       6
      14
       6
      12
      12
      13
      17
      20
      17
      10
      13
      12
      20
      14
      14
      14
      13
      12
      14
      14
      14
      13
      21
      14
      11
       7
      18
      10
      19
      10
      10
      14
      13
      12
      15
       8
      10
       6
      12
      13
      12
       6
       9
       9
      11
      13
      10
       8
      14
      11
      13
      14
       4
      11
       9
       9
      10
      10
       6
      12
       6
       8
       7
      13
       6
       9
       5
       5
      18
       8
       5
       4
       7
       9
       3
       8
       5
       4
       4
      16
      11
      11
       5
      11
       8
       6
       5
      11
      13
      12
       9
       9
       4
       8
      10
       8
       8
       9
       8
      11
       9
      10
      11
       8
       7
       7
      10
      10
       6
      11
       9
       2
       8
       8
      14
       6
       4
      11
       6
       8
       9
      10
       6
      16
       4
       8
       7
       8
      13
       4
       5
       2
       3
       6
       9
       6
      10
       8
       4
       7
       7
       6
       4
       9
       6
       9
       5
       9
       6
       5
       3
       6
       7
       9
       4
       7
       7
       5
       2
       6
       5
       4
       8
       3
       3
       7
       5
       6
       8
      12
       6
      10
       3
      10
       5
       2
       7
       7
      10
       8
       0
       5
       4
       2
       3
       7
       8
       6
       6
       4
       5
       2
      11
       8
       2
       4
       4
       5
      10
       6
       5
       8
       4
       4
       2
       2
       2
       4
       5
       4
       6
       5
       5
       7
       3
       8
       6
       3
       3
       5
       6
       7
       4
       6
       5
       5
       6
       4
       4
       6
       2
       3
       3
       3
       3
       7
       8
       5
       4
       4
       4
       3
       5
       7
       5
       3
       7
       3
       1
       4
      10
       5
       4
       5
       3
       4
      13
       7
       4
       6
       2
       2
       6
       2
       8
       6
       7
       8
       7
       5
       6
       6
       4
       6
       6
       5
       5
       4
       7
       3
       5
       8
       2
       4
       6
       5
       5
       5
       5
       2
       6
       5
       8
       3
       4
       3
       7
       3
       2
       3
      10
       1
       4
       3
       5
       3
       5
       5
       1
       5
       4
       3
       4
       6
       7
       1
       4
       5
       5
       4
       4
       4
       3
       3
       2
       8
       2
       6
       4
       7
       4
       1
       3
       1
       5
       3
       1
       1
       3
       3
       0
      10
       5
       3
       2
       4
       2
       4
       2
       4
       1
       5
       3
       5
       2
       4
       2
       8
       3
       3
       0
       3
       3
       2
       3
       1
       5
       5
       4
       3
       2
       3
       6
       3
       2
       4
       0
       3
       3
       2
       5
       3
       2
       2
       5
       5
       3
       7
       3
       2
       6
       2
       2
       1
       1
       0
       2
       6
       4
       3
       4
      10
       2
       5
       3
       2
       1
       6
       2
       4
       1
       2
       4
       3
       3
       3
       3
       2
       0
       5
       2
       1
       4
       0
       4
       6
       3
       2
       3
       2
       1
       4
       2
       4
       0
       9
       3
       8
       3
       4
       5
       1
       2
       2
       1
       2
       0
       2
       1
       4
       2
       3
       6
       3
       2
       4
       1
       0
       0
       4
       1
       2
       3
       1
       3
       1
       5
       1
       2
       3
       1
       6
       0
       4
       2
       2
       3
       2
       3
       3
       1
       3
       4
       2
       2
       4
       3
       5
       2
       4
       1
       5
       2
       2
       0
       5
       4
       3
       5
       4
       1
       3
       3
       2
       0
       2
       3
       1
       2
       0
       2
       0
       1
       0
       5
       3
       2
       1
       2
       1
       2
       1
       1
       3
       2
       1
       1
       1
       2
       4
       2
       2
       0
       3
       2
       5
       1
       2
       3
       0
       2
       0
       3
       1
       1
       1
       1
       1
       3
       0
       1
       2
       3
       2
       1
       1
       1
       3
       2
       3
       1
       0
       0
       3
       3
       1
       3
       1
       3
       1
       0
       3
       1
       1
       1
       1
       0
       3
       1
       1
       2
       1
       2
       2
       2
       0
       1
       0
       1
       1
       2
       0
       2
       2
       2
       0
       1
       2
       2
       2
       2
       4
       2
       1
       1
       1
       0
       0
       3
       1
       2
       3
       2
       1
       2
       2
       2
       2
       2
       4
       5
       3
       1
       1
       0
       1
       1
       2
       3
       4
       3
       0
       0
       1
       2
       0
       1
       1
       1
       1
       1
       2
       3
       2
       1
       3
       1
       1
       2
       1
       3
       1
       0
       1
       1
       4
       2
       1
       2
       1
       1
       0
       2
       0
       1
       1
       0
       3
       2
       0
       1
       2
       1
       1
       0
       0
       0
       0
       0
       0
       0
       0
       0
       0
       0
       0
       0
       0
       0
       0
       0
       0
       0
       0
       0
       0
       0
       0
       0
       0
       0
       0
       0
       0
       0
       0
       0
       0
       0
       0
       0
       0
       0
       0
       0
       0
       0
       0
       0
       0
       0
       0
       0
       0
$ROI:
2
3 4
6 1022
$PRESETS:
Live Time
240
0
$ENER_FIT:
0.000000 0.000000
$MCA_CAL:
3
0.000000E+000 0.000000E+000 0.000000E+000 
$SHAPE_CAL:
3
0.000000E+000 0.000000E+000 0.000000E+000
