$SPEC_ID:
No sample description was entered.
$SPEC_REM:
DET# 17
DETDESC# WD011-04 Easy-MCA-8k SN 13260151
AP# Maestro Version 7.01
$DATE_MEA:
04/21/2017 17:12:57
$MEAS_TIM:
240 240
$DATA:
0 1023
       0
       0
       0
       0
       0
       0
       0
       0
       0
       0
       0
       0
       0
       3
       6
      11
       9
      11
      10
       9
       4
       9
       9
      10
       8
       7
       8
       8
       9
      11
       4
       4
       3
      12
       9
       9
       9
       5
       7
      14
       8
      10
      13
       9
       6
       9
      17
      12
      11
       8
      15
      15
      12
      14
      11
       8
       7
      23
      17
      12
      15
      15
      15
      14
      15
      14
       7
      12
      10
      11
       8
      10
      16
      20
      20
      20
      22
      16
      30
      17
      26
      19
      24
      20
      27
      16
      23
      32
      34
      25
      41
      51
      47
      44
      52
      55
      59
      67
      53
      51
      51
      57
      51
      54
      46
      55
      38
      47
      46
      41
      37
      50
      44
      48
      44
      49
      45
      44
      50
      36
      32
      45
      43
      40
      43
      45
      32
      36
      41
      44
      52
      42
      34
      44
      38
      34
      54
      34
      38
      29
      42
      45
      41
      44
      46
      36
      35
      36
      47
      28
      38
      42
      46
      49
      45
      40
      48
      36
      47
      35
      40
      42
      41
      30
      34
      40
      38
      44
      46
      46
      50
      45
      28
      42
      33
      37
      37
      50
      38
      32
      37
      42
      39
      45
      42
      42
      38
      36
      45
      28
      45
      48
      54
      36
      29
      40
      35
      38
      44
      58
      49
      45
      41
      47
      46
      49
      39
      35
      35
      41
      29
      42
      38
      43
      47
      41
      31
      54
      38
      47
      48
      46
      45
      62
      56
      52
      47
      42
      44
      51
      37
      45
      46
      43
      47
      43
      44
      33
      36
      42
      41
      34
      38
      42
      36
      38
      28
      39
      29
      31
      31
      27
      32
      27
      26
      29
      25
      22
      24
      29
      16
      26
      17
      26
      20
      22
      20
      22
      18
      16
      21
      16
      13
      20
      14
      17
      16
      22
      14
      19
      18
      15
      18
      12
      26
      18
      13
      19
      21
      11
      16
      20
      16
      23
      20
      19
      27
      18
      24
      11
      10
      19
      13
      19
      12
       9
      20
      14
      12
      14
      17
      22
      13
      12
      15
      13
      19
      10
       6
       8
      10
      15
       7
      10
       8
       6
      16
       7
      13
       8
      22
      13
       8
      21
      14
      11
      13
      11
      12
       5
      10
      11
       7
       6
       7
       9
       9
      10
      13
      13
       9
       8
       8
      12
      14
      11
      13
      12
      15
      10
       7
       7
      13
      13
      10
       9
       6
      10
       8
       8
       9
       6
      11
       5
       9
      10
       7
      11
      11
       3
       7
      13
       7
       5
       5
       9
       6
      10
       8
      11
       7
      12
       9
      13
      12
       3
      11
       7
       4
      10
       4
      11
      11
      12
      12
       6
       5
      11
       6
       6
       8
      12
       7
       9
       8
       2
       6
       4
       3
       4
       6
       9
       5
      12
       8
       4
       6
      13
       9
       5
       4
       4
       7
      11
      11
       2
       7
       3
       8
       8
      10
       5
       5
       6
       7
       5
       8
       3
       7
       4
       6
       6
       5
       7
       9
       8
       6
       5
       3
       4
       4
       7
       7
       1
       6
       5
       6
       8
       5
       3
       3
       3
       5
       8
       9
       6
       2
       8
       5
       3
       9
       5
       5
       3
       5
       2
       6
       5
       5
       6
       5
       5
       2
       5
       3
       2
       3
       7
       8
       6
       3
       4
       2
       5
       3
       1
       4
       5
       3
       5
       6
       4
       4
       4
       3
       5
       5
       5
       1
       2
       3
       5
       4
       4
       3
       6
       6
       5
       2
      10
       4
       6
       1
       2
       6
       2
      10
       8
       8
      10
       3
       4
       4
       6
       4
       4
       2
       5
       8
       4
       1
       4
       4
       6
       3
       3
       7
       3
       2
       5
       4
       4
       3
       7
       6
       4
       5
       5
       4
       7
       5
       3
       3
       3
       4
       3
       1
       5
       3
       3
       3
       3
       7
       5
       2
       9
       5
       3
       2
       5
       2
       6
       3
       1
       1
       2
       6
       4
       4
       5
       5
       4
       5
       4
       5
       3
       5
       4
       2
       1
       2
       3
       8
       1
       6
       5
       3
       7
       5
       3
       5
       5
       4
       2
       3
       3
       4
       3
       2
       3
       0
       3
       3
       2
       3
       3
       1
       1
       1
       2
       4
       4
       2
       3
       3
       4
       3
       2
       2
       4
       4
       4
       2
       0
       2
       6
       7
       5
       1
       6
       2
       6
       0
       3
       4
       2
       3
       2
       1
       1
       2
       2
       2
       0
       3
       3
       3
       4
       6
       7
       2
       2
       6
       0
       2
       6
      12
       3
       3
       3
       2
       7
       0
       6
       2
       5
       4
       3
       0
       4
       0
       4
       4
       3
       5
       3
       1
       4
       8
       8
       1
       2
       0
       2
       6
       5
       1
       3
       3
       2
       4
       6
       2
       2
       4
       1
       2
       1
       4
       2
       1
       3
       0
       3
       1
       3
       1
       1
       2
       3
       1
       2
       3
       3
       1
       1
       3
       2
       1
       4
       6
       1
       2
       2
       1
       2
       1
       2
       2
       2
       3
       2
       6
       2
       2
       0
       1
       4
       0
       6
       4
       1
       2
       3
       2
       5
       1
       6
       5
       0
       3
       2
       2
       3
       0
       2
       2
       0
       3
       3
       4
       1
       1
       5
       4
       6
       2
       2
       2
       0
       3
       5
       3
       2
       2
       1
       3
       2
       1
       3
       3
       3
       2
       6
       2
       3
       2
       3
       2
       1
       3
       2
       2
       2
       4
       2
       3
       4
       2
       8
       1
       0
       3
       1
       1
       1
       0
       1
       3
       3
       3
       1
       2
       1
       1
       3
       3
       2
       3
       0
       1
       0
       1
       5
       0
       5
       1
       2
       2
       2
       2
       2
       1
       2
       1
       2
       1
       3
       2
       1
       2
       3
       3
       1
       3
       1
       3
       2
       3
       0
       2
       2
       2
       2
       3
       3
       0
       3
       1
       0
       2
       2
       1
       0
       5
       3
       0
       1
       1
       1
       2
       2
       0
       3
       0
       2
       2
       5
       2
       3
       2
       0
       3
       3
       2
       0
       0
       4
       2
       2
       2
       2
       0
       3
       3
       3
       1
       2
       4
       1
       3
       1
       4
       2
       3
       0
       1
       2
       3
       1
       1
       2
       4
       0
       3
       1
       4
       0
       1
       1
       2
       2
       0
       2
       0
       0
       1
       0
       4
       1
       4
       2
       1
       0
       3
       3
       1
       0
       1
       1
       1
       1
       4
       0
       0
       0
       0
       0
       0
       0
       0
       0
       0
       0
       0
       0
       0
       0
       0
       0
       0
       0
       0
       0
       0
       0
       0
       0
       0
       0
       0
       0
       0
       0
       0
       0
       0
       0
       0
       0
       0
       0
       0
       0
       0
       0
       0
       0
       0
       0
       0
       0
       0
       0
$ROI:
2
3 4
6 1022
$PRESETS:
Live Time
240
0
$ENER_FIT:
0.000000 0.000000
$MCA_CAL:
3
0.000000E+000 0.000000E+000 0.000000E+000 
$SHAPE_CAL:
3
0.000000E+000 0.000000E+000 0.000000E+000
