$SPEC_ID:
No sample description was entered.
$SPEC_REM:
DET# 17
DETDESC# WD011-04 Easy-MCA-8k SN 13260151
AP# Maestro Version 7.01
$DATE_MEA:
04/21/2017 16:56:10
$MEAS_TIM:
240 240
$DATA:
0 1023
       0
       0
       0
       0
       0
       0
       0
       0
       0
       0
       0
       0
       0
       3
       9
       6
       9
       7
       9
       8
      11
       9
       3
       8
       9
       9
      10
      11
      10
       7
       6
       6
      12
       7
       6
      16
       5
       6
      15
      11
       8
       5
       6
      10
      14
      11
       3
      12
       9
      10
      13
       9
      13
       8
       9
      11
      19
      17
      16
      14
      16
      15
      12
      13
      15
      10
      10
      14
      16
      15
      15
      16
      16
      17
      11
      10
      12
      17
      17
      17
      14
      23
      22
      24
      29
      27
      19
      27
      29
      42
      32
      46
      46
      41
      45
      55
      46
      61
      48
      46
      59
      57
      45
      47
      51
      49
      44
      45
      38
      48
      51
      42
      38
      49
      51
      29
      40
      44
      47
      35
      40
      44
      38
      36
      49
      39
      39
      32
      42
      42
      41
      39
      40
      52
      33
      36
      48
      38
      33
      52
      52
      45
      43
      29
      34
      51
      40
      49
      35
      57
      43
      48
      52
      35
      37
      43
      35
      44
      43
      39
      38
      55
      40
      40
      49
      42
      40
      39
      42
      44
      42
      41
      32
      45
      41
      37
      35
      39
      47
      39
      40
      42
      33
      39
      42
      35
      54
      46
      47
      41
      33
      45
      41
      35
      40
      34
      47
      42
      34
      48
      43
      43
      43
      47
      46
      43
      40
      40
      36
      48
      46
      44
      47
      52
      40
      43
      37
      42
      46
      49
      40
      45
      42
      46
      37
      52
      39
      36
      40
      54
      44
      40
      53
      47
      34
      46
      35
      39
      49
      47
      33
      42
      33
      44
      41
      47
      50
      31
      30
      32
      34
      29
      27
      23
      37
      24
      28
      22
      26
      21
      24
      23
      21
      20
      16
      18
      20
      17
      22
      22
      15
      22
      22
      15
      11
      16
      18
      22
      18
      13
      19
      17
      22
      10
      12
       7
      19
      15
      10
      10
      18
      18
      17
      19
      13
      12
      13
      18
      11
      19
      12
      22
      11
       9
      23
      13
      10
      15
      19
      16
       7
      14
      23
       7
       9
      13
      14
      12
       8
      16
      12
      10
       6
       8
      11
      12
      10
      14
      14
      10
      12
       4
       9
       9
      15
      16
      13
       9
      14
      14
       8
       7
       9
      10
       7
      11
      11
       5
       8
      10
      10
      10
       9
      12
       9
       9
      15
      10
       9
       6
      15
      16
      13
       8
       7
      12
       9
       3
       8
      10
       8
      12
      11
       9
      12
       8
      10
      10
      12
      10
      11
      10
      10
       5
      11
      13
       4
      10
       6
       8
       7
       8
       9
       9
       5
      10
       8
       3
      11
       8
      11
       8
       7
       4
       7
       9
       9
       7
      11
       9
       7
       5
       6
       6
       9
       9
       7
       5
       7
       7
       6
       6
       6
       9
      10
       5
       6
      12
       9
       5
      11
       5
      10
      10
       7
       4
       6
       8
       5
       6
       8
       3
       8
       6
       4
       5
       3
       8
       6
       5
       4
       5
      10
       9
      12
       6
       7
       4
       7
       6
       4
       8
       4
       8
       7
       4
       6
       6
       4
       6
       9
       4
       7
       7
       2
       7
       3
      10
       4
       6
       2
       3
       7
       6
       3
       4
       9
       8
       4
       6
       4
       8
       3
       6
       7
       2
       3
       4
       5
       5
       4
       4
       6
       3
       3
       3
       6
       5
       7
       0
      10
       7
       6
       3
       6
       3
       3
       7
       6
       7
       5
       8
       3
       3
       5
       1
       4
       5
       0
       5
       6
       2
       2
       5
       9
       3
       5
       4
       5
       5
       7
       4
       5
       3
       5
       6
       5
       4
       2
       3
       3
       4
       7
       6
       3
       4
       4
       6
       0
       2
       6
       4
       6
       4
       4
       1
       4
       2
       6
       5
       3
       8
       3
       3
       6
       3
       1
       5
       8
       5
       4
       1
       4
       4
       2
       2
       5
       3
       4
       6
       7
       4
       2
       1
       3
       4
       5
       5
       4
       5
       4
       3
       3
       6
       1
       4
       3
       7
       5
       0
       6
       4
       6
       4
       3
       8
       5
       6
       3
       3
       2
       6
       0
       2
       4
       7
       5
       8
       2
       7
       7
       4
       7
       6
       1
       6
       3
       4
       2
       1
       3
       3
       4
       3
       3
       3
       6
       3
       5
       2
       7
       2
       8
       2
       4
       4
       2
       3
       2
       1
       2
       2
       1
       1
       6
       4
       4
       5
       4
       3
       4
       1
       3
       3
       4
       7
       2
       6
       3
       2
       4
       2
       3
       5
       2
       6
       5
       2
       2
       1
       6
       1
       6
       6
       5
       2
       4
       6
       1
       2
       5
       3
       4
       4
       5
       1
       4
       5
       3
       4
       5
       3
       2
       4
       7
       2
       4
       4
       4
       4
       3
       2
       3
       2
       4
       1
       2
       4
       1
       2
       2
       2
       2
       6
       1
       6
       2
       2
       1
       3
       2
       4
       2
       2
       5
       5
       4
       7
       3
       3
       1
       1
       2
       2
       1
       7
       3
       3
       1
       1
       2
       3
       7
       4
       3
       1
       4
       1
       3
       2
       7
       1
       4
       3
       5
       5
       0
       4
       2
       1
       3
       3
       4
       1
       1
       0
       3
       0
       3
       2
       3
       1
       1
       2
       2
       1
       0
       6
       2
       1
       0
       2
       2
       1
       2
       3
       3
       3
       2
       2
       1
       3
       1
       1
       6
       4
       2
       4
       1
       0
       1
       1
       2
       0
       1
       5
       2
       2
       1
       2
       3
       0
       5
       1
       1
       1
       3
       1
       1
       2
       2
       0
       1
       0
       1
       1
       2
       0
       2
       3
       3
       1
       1
       5
       4
       2
       3
       3
       1
       2
       0
       1
       1
       4
       2
       2
       1
       4
       1
       2
       1
       0
       1
       1
       1
       2
       1
       3
       3
       2
       5
       1
       1
       2
       2
       2
       1
       1
       3
       2
       5
       2
       3
       1
       1
       3
       1
       1
       1
       3
       3
       1
       4
       1
       1
       1
       2
       3
       2
       0
       2
       6
       2
       2
       2
       2
       2
       2
       2
       2
       1
       2
       4
       3
       5
       2
       2
       2
       0
       2
       2
       2
       0
       1
       3
       4
       2
       0
       2
       4
       2
       4
       4
       3
       1
       2
       2
       3
       5
       1
       3
       1
       1
       1
       2
       0
       2
       1
       2
       1
       0
       3
       3
       0
       2
       3
       1
       1
       1
       2
       1
       1
       0
       0
       0
       0
       0
       0
       0
       0
       0
       0
       0
       0
       0
       0
       0
       0
       0
       0
       0
       0
       0
       0
       0
       0
       0
       0
       0
       0
       0
       0
       0
       0
       0
       0
       0
       0
       0
       0
       0
       0
       0
       0
       0
       0
       0
       0
       0
       0
       0
       0
       0
       0
$ROI:
2
3 4
6 1022
$PRESETS:
Live Time
240
0
$ENER_FIT:
0.000000 0.000000
$MCA_CAL:
3
0.000000E+000 0.000000E+000 0.000000E+000 
$SHAPE_CAL:
3
0.000000E+000 0.000000E+000 0.000000E+000
