$SPEC_ID:
No sample description was entered.
$SPEC_REM:
DET# 17
DETDESC# WD011-04 Easy-MCA-8k SN 13260151
AP# Maestro Version 7.01
$DATE_MEA:
04/21/2017 15:48:58
$MEAS_TIM:
240 240
$DATA:
0 1023
       0
       0
       0
       0
       0
       0
       0
       0
       0
       0
       0
       0
       0
       1
       8
      11
       4
       9
       8
       6
       7
       8
       4
       6
       9
       6
       5
      10
      11
      12
       4
       7
       6
       8
       4
       7
       6
       7
      11
       7
      10
       9
      13
       8
      10
      16
       7
      10
      14
      11
      11
       7
      14
       5
      17
       7
      10
      15
      13
       6
      12
      15
      13
      12
       7
       5
       5
       8
      10
      18
      18
      13
      15
      21
      15
      23
      15
      24
      11
      13
      27
      14
      12
      19
      21
      14
      36
      29
      34
      29
      31
      25
      30
      33
      42
      51
      48
      58
      56
      62
      58
      56
      52
      62
      42
      54
      43
      36
      52
      43
      41
      53
      51
      47
      47
      42
      33
      55
      28
      43
      37
      39
      34
      38
      28
      26
      39
      53
      31
      53
      31
      32
      42
      51
      28
      33
      41
      40
      27
      36
      39
      41
      40
      41
      55
      42
      37
      37
      41
      35
      42
      36
      29
      56
      29
      21
      36
      30
      47
      32
      45
      42
      26
      35
      41
      46
      36
      40
      36
      39
      46
      38
      35
      40
      36
      48
      45
      48
      39
      46
      36
      34
      41
      30
      35
      35
      35
      31
      45
      36
      38
      38
      34
      28
      34
      39
      38
      45
      27
      39
      39
      39
      24
      36
      30
      38
      41
      39
      33
      39
      35
      39
      37
      33
      44
      44
      37
      34
      45
      43
      40
      45
      47
      43
      37
      41
      40
      35
      52
      46
      48
      33
      41
      51
      50
      42
      30
      43
      49
      36
      27
      32
      36
      34
      26
      43
      25
      36
      28
      19
      38
      28
      19
      26
      29
      26
      22
      15
      25
      18
      17
      20
      18
      24
      17
      19
      17
      22
      12
      17
      16
      19
      15
      22
      11
      14
      17
      16
      12
      14
      17
      18
      17
      11
      10
      15
      19
       9
      13
      11
      12
      16
      15
      19
      14
       8
      16
      16
      13
      14
      17
      10
      12
      10
      12
      12
       7
      16
      10
      17
      11
      10
       7
      13
      10
      15
       9
      11
      10
      11
      11
       7
      15
       7
      11
       8
       6
      14
      10
       7
      11
       8
       7
      13
      10
      11
      11
       2
       7
      15
       7
       5
       9
       7
       6
      11
      13
      10
      12
       6
      10
       8
       6
      12
       8
      11
       9
       6
       6
      10
       7
       9
      11
       6
      10
       8
      10
      10
       6
      14
      10
      10
       2
       3
       9
       5
       7
       7
       7
       9
       5
       7
       7
       8
      12
       6
       8
      10
       8
       5
       4
       8
       7
       5
       9
       6
      11
       6
       5
      10
       5
       3
       8
       5
       5
       9
       8
       6
       5
       3
       6
       8
       6
       6
       9
       8
       9
       8
       7
       5
       9
       5
       5
       3
       7
       8
       5
       9
      10
       4
       3
       4
       6
       7
       7
       6
       9
       5
       7
       9
       7
       4
       5
       6
       5
       4
      11
       9
       4
       9
       7
       4
       3
       6
       3
       5
       8
       3
       9
       7
       6
       4
       4
       7
       3
       6
       3
       0
       2
       5
       4
       5
       5
       4
       2
       7
       6
       5
       5
       7
       6
       3
       8
       7
       5
       4
       7
       4
       6
       3
       4
       5
       5
       6
       6
       7
       5
       6
       2
       4
       1
       5
       7
       5
       6
       4
       2
       5
       4
       2
       7
       3
       3
       1
       8
       5
       0
       5
       6
       1
       4
       6
       7
       5
       5
       2
       2
       2
       4
       4
       5
       3
       6
       4
       5
       7
       9
       4
       5
       2
       5
       5
       8
       1
       6
       4
       6
       1
       4
       1
       6
       3
       5
       4
       2
       9
       5
       2
       7
       3
       5
       1
       7
       7
       4
       4
       4
       4
       3
       7
       5
       3
       5
       4
       4
       5
       4
       4
       1
       4
       6
       5
       3
       0
       3
       3
       3
       6
       5
       4
       2
       3
       2
       5
       5
       1
       7
       4
       5
       5
       8
       1
       1
       9
       4
       7
       5
       3
       8
       3
       8
       3
       4
       4
       6
       2
       2
       4
       4
       3
       3
       4
       2
       6
       4
       2
       4
       2
       3
       6
       8
       1
       2
       3
       6
       2
       2
       2
       5
       3
       2
       3
       2
       1
       2
       5
       1
       3
       3
       4
       5
       2
       6
       2
       5
       2
       1
       7
       1
       3
       0
       5
       5
       1
       1
       6
       6
       5
       3
       3
       4
       2
       2
       1
       2
       0
       2
       2
       7
       2
       1
       2
       3
       5
       6
       4
       6
       1
       1
       3
       4
       2
       1
       2
       1
       1
       3
       4
       3
       3
       1
       4
       4
       5
       3
       5
       4
       3
       2
       3
       2
       2
       4
       0
       1
       3
       5
       4
       3
       4
       1
       6
       8
       4
       5
       1
       3
       4
       5
       2
       2
       2
       2
       4
       3
       7
       6
       0
       3
       2
       2
       2
       2
       6
       2
       4
       2
       5
       5
       5
       3
       1
       1
       2
       0
       2
       4
       3
       2
       2
       5
       2
       2
       2
       6
       3
       0
       2
       1
       3
       5
       3
       0
       5
       1
       1
       2
       3
       5
       5
       3
       3
       6
       5
       2
       7
       1
       2
       0
       0
       1
       2
       3
       3
       1
       2
       2
       3
       2
       4
       2
       3
       2
       2
       0
       0
       3
       3
       8
       2
       3
       1
       3
       3
       1
       1
       3
       2
       2
       2
       4
       2
       3
       3
       1
       2
       0
       1
       3
       0
       3
       0
       4
       0
       3
       2
       0
       1
       0
       2
       1
       1
       3
       4
       3
       1
       2
       0
       1
       3
       2
       0
       0
       2
       2
       2
       5
       5
       3
       2
       2
       0
       0
       3
       4
       2
       0
       2
       2
       1
       0
       1
       0
       2
       1
       3
       1
       4
       1
       3
       3
       3
       1
       4
       3
       1
       0
       1
       2
       0
       3
       1
       1
       1
       2
       1
       1
       2
       2
       3
       0
       2
       0
       0
       0
       2
       0
       4
       1
       1
       3
       3
       2
       1
       4
       1
       0
       1
       2
       2
       1
       1
       0
       2
       1
       4
       2
       0
       6
       1
       0
       2
       0
       1
       3
       2
       1
       2
       2
       2
       1
       3
       1
       2
       3
       1
       1
       1
       2
       0
       1
       2
       0
       4
       1
       4
       0
       2
       4
       1
       4
       4
       1
       2
       3
       3
       2
       1
       1
       2
       2
       4
       3
       1
       0
       0
       0
       0
       0
       0
       0
       0
       0
       0
       0
       0
       0
       0
       0
       0
       0
       0
       0
       0
       0
       0
       0
       0
       0
       0
       0
       0
       0
       0
       0
       0
       0
       0
       0
       0
       0
       0
       0
       0
       0
       0
       0
       0
       0
       0
       0
       0
       0
       0
$ROI:
2
3 4
6 1022
$PRESETS:
Live Time
240
0
$ENER_FIT:
0.000000 0.000000
$MCA_CAL:
3
0.000000E+000 0.000000E+000 0.000000E+000 
$SHAPE_CAL:
3
0.000000E+000 0.000000E+000 0.000000E+000
