$SPEC_ID:
No sample description was entered.
$SPEC_REM:
DET# 17
DETDESC# WD011-04 Easy-MCA-8k SN 13260151
AP# Maestro Version 7.01
$DATE_MEA:
04/21/2017 16:50:31
$MEAS_TIM:
240 240
$DATA:
0 1023
       0
       0
       0
       0
       0
       0
       0
       0
       0
       0
       0
       0
       0
       2
       6
      10
       7
       7
       9
       8
       7
       7
      12
       6
       9
       6
       5
       6
       8
       5
       8
       6
      10
       2
       8
       7
      12
       8
       9
       8
      11
       8
       9
       5
       9
       8
      11
       9
      11
      14
      12
      15
       8
      13
       9
      15
      12
      10
      11
      13
      16
      12
      13
      10
      10
       9
      11
      13
      10
      16
      14
      18
      18
       9
       9
      17
      17
      16
      26
      21
      14
      13
      28
      25
      24
      28
      23
      28
      32
      38
      46
      34
      32
      46
      52
      46
      44
      47
      49
      67
      53
      39
      55
      51
      42
      47
      38
      35
      49
      35
      48
      63
      68
      42
      46
      44
      33
      35
      36
      49
      36
      39
      45
      34
      43
      38
      38
      45
      34
      36
      44
      32
      46
      45
      39
      33
      43
      47
      39
      38
      42
      40
      35
      45
      44
      50
      41
      48
      48
      56
      52
      40
      45
      35
      40
      52
      50
      46
      38
      34
      48
      52
      50
      34
      29
      50
      50
      38
      28
      33
      37
      39
      36
      37
      51
      41
      33
      44
      49
      36
      33
      40
      51
      53
      38
      36
      48
      49
      38
      38
      35
      35
      52
      47
      42
      52
      41
      47
      42
      59
      50
      44
      39
      41
      34
      41
      51
      45
      46
      50
      37
      36
      39
      39
      38
      46
      47
      41
      38
      43
      54
      44
      55
      38
      42
      45
      51
      47
      38
      54
      45
      47
      44
      49
      45
      33
      37
      44
      49
      39
      32
      37
      32
      38
      31
      36
      30
      31
      27
      33
      33
      32
      22
      30
      28
      35
      21
      26
      28
      22
      23
      18
      21
      26
      24
      28
      18
      19
      18
      20
      27
      16
      12
      22
      21
      11
      13
      16
      15
      13
      22
      22
      12
      13
      16
      19
      16
      17
      20
      17
      20
      19
      27
      15
      18
      19
      13
      11
      16
      19
      16
      16
      18
      22
      16
      14
       9
      15
      13
      11
      15
      11
      14
       9
      17
      10
      17
      16
      13
      10
       6
      10
       8
      13
      11
      15
       9
      14
       9
      16
       6
       8
      11
      10
       9
       9
      13
       7
      10
      12
      11
      11
       9
       5
       7
       5
       7
       7
      15
      13
       9
       9
      13
       6
      11
      11
      10
      14
      11
      15
      12
      11
      12
       8
       8
       7
      12
       8
       4
       9
      10
       9
       7
       8
      10
       6
       7
      10
      11
       4
       8
       6
       9
       6
       4
       7
       9
      12
       6
      11
      12
       8
      13
      12
       9
       8
       7
      14
       9
       5
       7
       8
       7
       2
      11
      11
       6
      10
       7
      10
       6
       8
      12
       8
      11
       6
      13
       8
       7
       4
       5
       6
       7
       6
       8
       5
      10
       4
       8
      11
       4
      10
       5
       5
       6
       4
       6
       8
       6
       9
       2
       8
       6
      12
       3
       7
       6
       8
       9
       8
      10
       1
       3
       5
       2
       5
       8
       5
       3
       8
       5
       3
       6
       7
       5
      10
       1
       7
       7
       2
       7
       2
      11
       3
       6
       8
       5
       4
       7
       5
       3
       4
       3
       4
       4
       6
       5
      11
       9
       6
       9
       4
       9
       6
       4
       6
       5
       6
       9
       4
       5
       8
       5
       4
       5
       9
       7
       3
       4
       3
       6
       4
       5
       4
       6
       1
       1
       8
       4
       1
       7
       4
      11
       5
       5
       2
       3
       4
       7
       4
       5
       5
       3
       4
       3
       4
       8
       3
       2
       8
       5
       0
       4
       1
       4
       3
       5
       1
       0
       7
       6
       6
       4
       5
       2
       6
       8
       1
       1
       2
       5
       5
       6
       5
       4
       3
       4
       6
       4
       3
       8
       8
       2
       6
       8
       3
       2
       4
       5
       4
       4
       7
       4
       3
       6
       2
       6
       4
       5
       3
       4
       4
       3
       5
       5
       9
       3
       2
       7
       5
       3
       3
       3
       1
       4
       2
       4
       3
       1
       2
       3
       6
       4
       4
       5
       2
       5
       4
       3
       1
       5
       4
       6
       3
       2
       4
       4
       3
       6
       5
       3
       3
       2
       5
       4
       2
       2
       4
       4
       2
       2
       4
       4
       4
       2
       2
       3
       5
       3
       6
       1
       2
       4
       2
       6
       8
       4
       5
       4
       1
       7
       6
       2
       4
       3
       8
       1
       3
       5
       9
       5
       2
       6
       2
       4
       2
       2
       2
       2
       2
       2
       4
       1
       2
       5
       2
       5
       4
       2
       2
       3
       3
       2
       0
       4
       3
       4
       6
       3
       4
       5
       1
       1
       2
       3
       1
       4
       4
       5
       0
       3
       4
       3
       0
       1
       7
       8
       4
       6
       3
       4
       2
       3
       3
       6
       3
       5
       4
       1
       6
       1
       4
       0
       2
       6
       2
       2
       1
       3
       1
       1
       2
       6
       6
       3
       3
       0
       5
       0
       2
       3
       1
       3
       0
       2
       3
       1
       0
       2
       3
       3
       6
       4
       4
       2
       0
       3
       2
       3
       3
       4
       6
       1
       4
       4
       7
       2
       1
       3
       1
       4
       5
       1
       3
       2
       3
       4
       1
       3
       1
       3
       0
       1
       1
       1
       5
       1
       0
       2
       2
       3
       0
       3
       2
       0
       1
       2
       3
       0
       2
       1
       1
       1
       1
       3
       3
       1
       4
       1
       1
       4
       1
       3
       2
       3
       1
       4
       2
       1
       2
       1
       1
       2
       1
       3
       3
       1
       2
       3
       2
       0
       1
       6
       3
       5
       2
       0
       1
       3
       4
       2
       1
       0
       3
       2
       1
       2
       0
       3
       1
       3
       2
       5
       2
       0
       4
       2
       2
       1
       1
       0
       2
       1
       6
       1
       3
       1
       1
       0
       0
       3
       2
       0
       4
       1
       5
       3
       2
       3
       4
       2
       2
       4
       1
       2
       1
       4
       1
       2
       4
       1
       2
       2
       1
       1
       1
       1
       1
       5
       2
       4
       3
       3
       2
       1
       5
       1
       3
       0
       1
       2
       2
       2
       0
       0
       0
       1
       3
       1
       0
       2
       1
       2
       2
       0
       0
       0
       1
       0
       1
       6
       3
       0
       0
       2
       3
       1
       2
       2
       3
       2
       3
       2
       0
       0
       2
       3
       2
       1
       4
       0
       2
       2
       2
       0
       1
       1
       0
       1
       1
       0
       2
       2
       2
       0
       0
       0
       0
       0
       0
       0
       0
       0
       0
       0
       0
       0
       0
       0
       0
       0
       0
       0
       0
       0
       0
       0
       0
       0
       0
       0
       0
       0
       0
       0
       0
       0
       0
       0
       0
       0
       0
       0
       0
       0
       0
       0
       0
       0
       0
       0
       0
       0
       0
$ROI:
2
3 4
6 1022
$PRESETS:
Live Time
240
0
$ENER_FIT:
0.000000 0.000000
$MCA_CAL:
3
0.000000E+000 0.000000E+000 0.000000E+000 
$SHAPE_CAL:
3
0.000000E+000 0.000000E+000 0.000000E+000
