$SPEC_ID:
No sample description was entered.
$SPEC_REM:
DET# 18
DETDESC# WD011-04 Easy-MCA-8k SN 13260152
AP# Maestro Version 7.01
$DATE_MEA:
04/21/2017 15:03:51
$MEAS_TIM:
120 120
$DATA:
0 1023
       0
       0
       0
       0
       0
       0
       0
       0
       0
       5
       9
      12
       4
       6
       7
      10
       6
       5
       4
       5
       9
       8
       7
       5
       9
       7
       8
       5
       5
      10
       5
       3
      10
       8
       4
       7
       9
       3
       8
      15
       6
      18
      16
       9
       9
      12
      10
      18
      13
      14
      14
      15
      21
      12
       9
       3
      10
       8
       8
      13
      10
       9
       7
      12
      12
      13
      12
      13
      12
       9
      11
       8
      12
      17
      12
      10
      13
       5
      12
      15
      15
       7
      11
      16
      16
      14
      17
      17
      17
      21
      16
      22
      33
      14
      25
      27
      19
      28
      18
      26
      14
      16
      21
      25
      21
      25
      27
      31
      33
      39
      35
      41
      30
      39
      32
      37
      32
      31
      27
      30
      29
      26
      33
      22
      23
      23
      13
      35
      26
      34
      20
      20
      19
      28
      22
      17
       8
      15
      19
      27
      29
      26
      15
      14
      20
      20
      22
      20
      15
      17
      21
      25
      18
      21
      19
      19
      27
      14
      17
      21
      15
      29
      14
      20
      20
      21
      23
      17
      18
      16
      22
      23
      12
      19
      21
      17
      25
      18
      17
      14
      21
      17
      19
      17
      20
      27
      24
      37
      15
      17
      13
      16
      24
      23
      29
      15
      24
      30
      26
      17
      30
      27
      15
      16
      25
      26
      29
      20
      27
      27
      24
      24
      22
      24
      20
      23
      24
      19
      16
      12
      24
      26
      22
      30
      21
      31
      26
      17
      21
      19
      10
      22
      20
      20
      19
      36
      26
      21
      20
      25
      21
      26
      18
      20
      27
      32
      32
      27
      29
      27
      21
      28
      22
      22
      31
      23
      25
      26
      37
      32
      30
      18
      22
      24
      32
      22
      19
      32
      21
      17
      21
      28
      29
      30
      15
      26
      18
      15
      23
      19
      25
      21
      17
      20
      14
      18
      19
      17
      14
      18
      19
      21
      16
      16
      15
      10
      13
      18
      12
      17
      13
      13
      14
      16
      14
      11
      17
      10
      17
      14
      12
      17
      10
      13
      23
      11
      13
      16
      12
      15
      16
      12
      16
       9
      15
      18
       7
      12
      13
      10
      10
       9
      14
       8
      17
      11
      11
      15
      13
       5
      11
      19
       9
      11
      11
      15
      12
      15
       8
       6
       7
       9
      10
       8
      15
      11
       9
       7
       7
       8
      16
      10
      11
      11
      10
      12
      13
       8
      14
      15
      15
      13
       8
      17
       9
      18
      12
       6
      15
       7
      12
       3
      10
       4
       9
      10
       6
      11
      12
       7
       9
      10
       8
       9
       8
      10
       4
      13
      16
       9
       9
       8
      12
       8
       8
      11
       6
      13
      15
       7
       8
       5
      14
       9
       5
       5
       6
       9
       8
      11
       9
       6
       8
      11
       3
      12
      13
      10
      12
       5
      11
      15
      13
      10
       8
       8
      10
       9
       5
      15
       9
      10
       5
       7
       7
      14
      10
      10
       6
       4
       6
       5
       7
       7
       6
       5
       6
       5
       7
       8
      11
       7
       8
      10
       3
       3
       4
       4
       9
      11
      11
      13
      12
       9
       5
       7
      10
       5
       6
       7
       9
      10
       6
       7
       6
       6
      10
       8
      11
      12
       6
       4
      10
       6
       5
      10
       8
       1
       8
       5
       9
       4
       5
       6
       7
      10
       9
       3
       5
       4
      10
      10
       6
       4
       6
       2
       6
       5
       6
       3
       6
       8
       5
       9
       2
       8
       7
       6
       9
       6
       7
       2
       5
       4
       9
       3
       4
       5
       9
       6
       3
       5
       6
       7
      13
       5
       9
       8
       4
      11
       4
      10
       5
       8
       8
       6
       6
       7
       6
       6
       7
       5
       4
       8
      14
      11
       3
       6
       7
       5
       9
       7
       6
       5
       4
       7
       4
       9
       9
       4
      12
       4
       3
       3
      12
       1
       5
       7
       2
       8
      10
       6
      13
       7
       9
       6
       7
       6
       6
       3
       7
       6
       4
       7
       8
       4
      10
       5
       8
       5
       8
       7
       5
       2
       6
      11
       9
       8
       6
       5
      13
       2
       9
       5
       5
       4
       5
       4
       4
       4
       5
       2
       3
       5
       5
       6
       4
       1
       6
       4
       3
       4
       7
       6
      11
       2
       4
       3
       6
       5
       4
       5
       6
       3
       3
       4
       3
       3
       4
       7
       4
       3
       7
       6
       5
       4
       3
       3
       2
       3
       6
       0
       7
       6
       3
       6
       4
       4
       4
       6
       5
       6
       1
       9
       6
       6
       2
       4
       5
      10
       2
       8
       1
       4
       7
       1
       0
       6
       2
       3
       3
       3
       3
       4
       3
       0
       3
       4
       4
       8
       2
       3
       5
       3
       1
       5
       2
       4
       8
       3
       4
       7
       8
       4
       4
       2
       3
       3
       6
       7
       4
       4
       6
       3
       3
       2
       5
       2
       4
       7
       5
       4
       3
       3
       1
       3
       6
       1
       1
       6
       3
       4
       1
       2
       2
       2
       1
       3
       2
       2
       1
       4
       1
       1
       6
       6
       1
       2
       3
       2
       1
       3
       5
       2
       4
       3
       5
       3
       4
       3
       5
       0
       3
       4
       4
       4
       3
       2
       5
       4
       2
       3
       4
       7
       6
       6
       1
       7
       4
       5
       4
       1
       4
       6
       2
       4
       4
       7
       2
       1
       2
       3
       3
       1
       4
       2
       7
       7
       6
       4
       3
       2
       8
       8
       4
       3
       6
       3
       4
       3
       4
       4
       8
       4
       5
       9
      10
      10
       5
       7
       7
       4
       7
       9
       9
       9
       7
       8
      16
      11
       4
       6
      12
      14
       9
      13
      24
      11
      14
       4
      25
      14
      18
      19
      11
      19
      13
      16
      17
      22
      15
      26
      23
      25
      15
      19
      18
      22
      23
      32
      17
      17
      16
      21
      27
      22
      21
      28
      25
      28
      21
      37
      15
      27
      29
      21
      25
      19
      14
       9
      20
      24
      18
      18
      25
      15
      20
      19
      21
      19
      19
      16
      14
      12
      11
      10
      10
      16
      10
      16
       9
       4
       5
       9
       7
       8
       7
       8
       9
       7
       5
       6
       8
       8
       3
       5
       3
       3
       4
       6
       0
       2
       3
       0
       2
       1
       1
       4
       3
       1
       1
       2
       0
       1
       0
       2
       2
       1
       1
       2
       2
       1
       0
       1
       0
       0
       1
       3
       1
       2
       0
       1
       0
       0
       0
       0
       0
       0
       0
       0
       0
       0
       0
       0
       0
       0
       0
       0
       0
       0
       0
       0
       0
       0
       0
       0
       0
       0
       0
       0
       0
       0
       0
       0
       0
       0
       0
       0
       0
       0
       0
       0
       0
       0
       0
       0
       0
       0
       0
       0
       0
       0
       0
       0
$ROI:
1
3 1022
$PRESETS:
Live Time
120
0
$ENER_FIT:
-7.505623 1.460325
$MCA_CAL:
3
-7.505623E+000 1.460325E+000 0.000000E+000 keV
$SHAPE_CAL:
3
1.866601E+000 6.279851E-002 0.000000E+000
