$SPEC_ID:
No sample description was entered.
$SPEC_REM:
DET# 18
DETDESC# WD011-04 Easy-MCA-8k SN 13260152
AP# Maestro Version 7.01
$DATE_MEA:
04/21/2017 15:13:09
$MEAS_TIM:
120 120
$DATA:
0 1023
       0
       0
       0
       0
       0
       0
       0
       0
       0
       4
       3
       2
       6
       4
       5
       2
       1
       1
       2
       5
       4
       2
       4
       1
       5
       4
       3
       4
       5
      12
      16
      20
      29
      27
      40
      50
      38
      31
      33
      30
      28
      14
      16
       7
       9
      14
       8
       7
       8
       4
       1
       1
       2
       5
       3
       3
       2
       4
       3
       3
       3
       4
       7
       4
       3
       6
       8
       5
       4
       6
      10
       7
       6
       4
       4
       9
       3
       4
       7
       5
       8
       7
      10
       9
      12
       6
      12
      14
      16
      20
      13
      17
      18
      12
      23
      22
      16
      15
       6
      14
      16
      15
       7
      17
      16
      19
      17
      21
      21
      23
      23
      31
      27
      22
      17
      23
      11
      20
      18
      15
      22
      23
      22
      21
      21
      23
      17
      16
      14
      11
      19
      17
      24
      18
      18
      17
      13
      22
      25
      15
      11
      17
      18
      23
      23
      16
      13
      13
      13
      20
      15
      14
      20
      17
      19
      19
      13
      15
      19
      15
      11
      21
      19
      15
      11
      16
      14
      18
      25
      18
      17
      11
      13
      13
      12
      14
      18
      17
      14
      21
      17
      14
      12
      11
      15
       9
      20
      17
      13
      13
      20
      18
      13
      20
      14
      18
      14
      12
      15
       7
      23
      11
      13
      20
      18
      16
      12
      20
      23
      19
      12
      13
      17
      22
      18
      19
      17
      17
      19
      21
      11
       8
      22
      19
      22
      14
      17
      15
      10
      20
      18
      12
      14
      16
      17
      14
      17
      17
      18
      12
      17
      17
      14
      15
      14
      14
      15
      15
      23
      22
      23
      19
      21
      17
      17
      17
      16
      17
      19
      15
      21
      21
      21
      23
      17
      25
      18
      15
      13
      17
      22
      14
      13
      15
      12
      10
      13
      15
      14
      11
      14
      16
      17
       8
       7
       8
      14
       9
      11
      12
      11
       6
      10
      10
       7
       9
      10
       7
       9
      11
       8
      10
       6
       9
       4
       6
       2
       8
       9
      11
       9
       9
       8
       5
       4
       4
      11
       2
       5
       7
       8
       1
      10
       2
       7
       9
       7
       7
       6
       4
       7
       6
       4
       5
       9
       3
       7
       8
       7
       4
       2
       3
       6
       6
       3
       5
       1
       1
       2
       6
       5
       5
       7
       6
       5
       1
       5
       6
       4
       3
       6
       5
       6
       4
       3
       4
       2
       3
       5
       7
       4
       4
       7
       2
       4
       9
       3
       4
       4
       2
       3
       1
       4
       3
       1
       1
       9
       5
       4
       4
       5
       2
       3
       4
       6
       6
       2
       3
       3
       0
       4
       6
      10
       6
       3
       8
       2
       5
       2
       2
       3
       4
       8
       5
       8
       5
       1
       5
       4
       2
       2
       1
       3
       4
       3
       5
       3
       1
       1
       3
       1
       3
       4
       1
       5
       4
       2
       1
       2
       2
       3
       3
       5
       9
       2
       2
       2
       2
       3
       0
       5
       2
       2
       0
       3
       3
       1
       2
       2
       3
       4
       6
       2
       0
       4
       2
       2
       2
       5
       1
       5
       4
       2
       4
       7
       2
       2
       3
       4
       2
       0
       3
       0
       5
       3
       0
       2
       2
       2
       4
       3
       3
       4
       2
       3
       1
       2
       0
       1
       1
       4
       1
       9
       2
       5
       3
       1
       0
       2
       2
       1
       1
       1
       3
       5
       3
       3
       2
       4
       1
       2
       0
       1
       4
       2
       1
       1
       5
       2
       2
       1
       2
       1
       1
       2
       5
       1
       0
       1
       2
       1
       3
       3
       1
       2
       1
       1
       1
       1
       1
       1
       1
       2
       0
       1
       2
       0
       0
       2
       3
       3
       2
       3
       3
       0
       2
       1
       3
       2
       1
       2
       1
       2
       2
       1
       0
       4
       3
       2
       0
       2
       2
       0
       3
       1
       2
       2
       1
       0
       4
       0
       3
       1
       2
       1
       2
       2
       0
       4
       2
       1
       1
       1
       2
       2
       1
       2
       2
       2
       2
       4
       3
       1
       1
       2
       2
       2
       1
       1
       3
       3
       0
       1
       1
       1
       3
       1
       1
       1
       1
       3
       2
       1
       2
       0
       0
       3
       3
       3
       1
       2
       3
       0
       3
       1
       2
       2
       2
       0
       2
       0
       0
       1
       2
       1
       0
       1
       3
       2
       2
       4
       3
       0
       0
       3
       0
       0
       0
       5
       1
       3
       3
       1
       2
       4
       1
       1
       2
       4
       1
       0
       1
       1
       3
       3
       2
       1
       3
       0
       1
       2
       0
       0
       2
       1
       2
       1
       1
       0
       0
       0
       2
       2
       1
       3
       5
       1
       1
       1
       1
       1
       3
       2
       1
       1
       0
       2
       3
       1
       0
       1
       3
       3
       2
       0
       1
       0
       2
       2
       3
       0
       1
       1
       0
       1
       2
       2
       3
       1
       2
       1
       0
       1
       0
       2
       1
       1
       0
       1
       0
       1
       2
       0
       1
       2
       1
       2
       1
       0
       0
       1
       2
       1
       3
       0
       2
       4
       0
       1
       0
       2
       1
       1
       2
       3
       1
       6
       1
       2
       3
       1
       5
       0
       1
       2
       2
       2
       3
       0
       1
       2
       1
       4
       0
       1
       0
       2
       3
       1
       2
       6
       1
       2
       0
       3
       1
       2
       2
       2
       2
       0
       1
       3
       0
       2
       0
       2
       1
       0
       2
       0
       2
       3
       0
       1
       0
       0
       1
       0
       0
       2
       1
       0
       1
       0
       2
       1
       1
       0
       1
       0
       1
       3
       2
       1
       1
       1
       0
       1
       3
       1
       2
       0
       2
       2
       1
       3
       0
       0
       2
       0
       0
       2
       0
       1
       0
       1
       2
       0
       1
       0
       1
       1
       0
       2
       1
       2
       1
       2
       1
       0
       3
       0
       2
       2
       1
       0
       1
       1
       2
       1
       3
       0
       2
       0
       1
       2
       0
       2
       0
       1
       2
       0
       0
       0
       1
       1
       1
       1
       1
       0
       0
       1
       1
       3
       1
       1
       0
       0
       1
       0
       0
       2
       0
       1
       1
       1
       0
       0
       1
       1
       0
       0
       2
       0
       0
       0
       0
       1
       1
       1
       0
       0
       0
       1
       0
       3
       3
       0
       0
       0
       0
       0
       1
       0
       1
       2
       0
       2
       1
       0
       1
       0
       0
       0
       0
       0
       0
       0
       1
       0
       1
       0
       0
       0
       0
       0
       0
       0
       0
       0
       0
       0
       0
       0
       0
       0
       0
       0
       0
       0
       0
       0
       0
       0
       0
       0
       0
       0
       0
       0
       0
       0
       0
       0
       0
       0
       0
       0
       0
       0
       0
       0
       0
       0
       0
       0
       0
       0
       0
       0
       0
       0
       0
$ROI:
1
3 1022
$PRESETS:
Live Time
120
0
$ENER_FIT:
-7.505623 1.460325
$MCA_CAL:
3
-7.505623E+000 1.460325E+000 0.000000E+000 keV
$SHAPE_CAL:
3
1.866601E+000 6.279851E-002 0.000000E+000
