$SPEC_ID:
No sample description was entered.
$SPEC_REM:
DET# 18
DETDESC# WD011-04 Easy-MCA-8k SN 13260152
AP# Maestro Version 7.01
$DATE_MEA:
04/21/2017 15:08:29
$MEAS_TIM:
120 120
$DATA:
0 1023
       0
       0
       0
       0
       0
       0
       0
       0
       0
       9
      13
      15
      19
      23
      13
       9
      12
      14
      22
      13
      27
      18
      15
      10
      17
      25
      22
      16
      18
      22
      18
      19
      18
      13
      19
      13
      11
      21
      20
      22
      20
      25
      17
      23
      23
      17
      16
      20
      22
      27
      15
      17
      12
      23
      19
      19
      15
      26
      22
      17
      19
      19
      25
      18
      17
      23
      25
      27
      30
      15
      29
      22
      22
      22
      26
      19
      21
      22
      22
      25
      20
      20
      23
      27
      27
      39
      33
      40
      28
      30
      42
      29
      34
      26
      45
      34
      35
      53
      26
      39
      36
      27
      36
      56
      53
      58
      55
      86
      65
      78
      70
      65
      77
      67
      65
      60
      65
      63
      53
      58
      58
      43
      41
      49
      44
      40
      45
      39
      52
      40
      61
      44
      43
      36
      49
      26
      31
      44
      41
      34
      32
      31
      37
      35
      23
      35
      14
      41
      29
      29
      44
      39
      34
      40
      32
      41
      46
      35
      32
      38
      38
      40
      37
      34
      36
      46
      39
      37
      41
      31
      46
      35
      33
      38
      41
      29
      43
      47
      40
      44
      40
      45
      47
      35
      42
      35
      39
      37
      43
      38
      44
      38
      37
      34
      47
      48
      29
      42
      37
      43
      40
      45
      41
      33
      33
      40
      44
      36
      34
      46
      54
      38
      38
      43
      37
      39
      40
      41
      43
      34
      43
      45
      43
      44
      33
      45
      46
      33
      44
      42
      41
      38
      36
      45
      39
      47
      43
      46
      42
      47
      45
      46
      41
      46
      39
      37
      54
      60
      40
      41
      34
      43
      42
      59
      50
      39
      34
      46
      38
      50
      45
      45
      39
      47
      44
      49
      56
      44
      42
      50
      31
      50
      50
      34
      51
      34
      39
      33
      36
      34
      48
      39
      38
      37
      43
      42
      35
      40
      40
      35
      38
      22
      36
      33
      21
      32
      35
      44
      39
      36
      39
      37
      25
      37
      29
      44
      33
      33
      30
      26
      28
      32
      31
      32
      35
      35
      41
      22
      37
      26
      32
      32
      35
      29
      36
      27
      26
      24
      28
      25
      23
      27
      32
      30
      32
      29
      35
      24
      27
      26
      28
      28
      28
      35
      22
      20
      24
      30
      25
      17
      20
      31
      24
      22
      27
      27
      28
      33
      29
      29
      26
      23
      33
      27
      28
      20
      23
      32
      38
      27
      30
      19
      19
      17
      30
      30
      16
      23
      18
      29
      28
      24
      27
      23
      19
      22
      25
      23
      18
      19
      20
      19
      20
      21
      22
      27
      24
      25
      28
      17
      27
      29
      24
      22
      20
      21
      22
      21
      30
      23
      19
      22
      16
      21
      22
      24
      15
      21
      28
      25
      26
      28
      30
      18
      25
      22
      22
      23
      18
      27
      27
      28
      20
      25
      21
      20
      24
      20
      12
      19
      19
      31
      26
      23
      23
      20
      11
      15
      22
      11
      27
      27
      16
      15
      20
      16
      16
      14
      21
      18
      25
      17
      11
      22
      13
      19
      18
      15
      16
      21
      10
      21
      19
      16
      19
      21
      14
      15
      20
      15
      21
      17
      21
      16
      21
      20
      25
      17
      22
      21
      27
      27
      13
      20
      21
      19
      11
      18
      10
      11
      13
      16
      18
      12
      20
      12
       8
      13
      18
      16
      20
      17
      23
      19
      24
      19
      11
      16
      21
      19
       9
      13
      14
      15
      17
      16
      13
      10
      17
      13
      11
      17
      17
      15
      20
      16
      15
      18
      13
      13
      21
      16
      17
      19
      17
      20
      19
      24
      21
      16
      15
      14
      16
      18
      16
      19
      13
      19
      18
      22
      15
      16
      19
      10
      21
      22
      15
      20
      19
      12
      26
      14
      14
      22
      19
      13
      15
      21
      16
      19
      20
      10
      17
      17
      21
      14
      14
      18
      16
      19
      16
      21
      15
      14
      18
      20
      14
      16
      19
      20
      20
      11
      15
      22
      24
      24
      20
      15
      20
      10
      16
      13
      16
      10
      18
      15
      14
      12
      13
      15
      13
      14
      15
      18
      27
       9
      24
      16
      16
      14
      19
      20
      22
      20
      23
      17
      13
      10
      17
      16
      21
      16
      23
      20
      25
      29
      19
      20
      26
      24
      29
      27
      28
      25
      31
      28
      42
      26
      32
      35
      32
      37
      46
      36
      57
      45
      52
      42
      51
      48
      52
      47
      51
      50
      48
      39
      53
      56
      59
      68
      61
      68
      66
      73
      84
      63
      65
      68
      73
      72
      69
      75
      78
      72
      61
      72
      66
      68
      72
      91
      65
      77
      74
      69
      74
      69
      53
      74
      54
      55
      56
      31
      58
      39
      38
      35
      50
      36
      36
      33
      38
      38
      32
      28
      25
      26
      27
      16
      28
      28
      30
      25
      16
      12
      18
      11
      13
      18
      17
      14
       8
      13
      11
      11
      13
      12
       7
      14
      10
       8
       5
      10
      14
       5
      16
       7
       7
      11
       5
       8
       7
       6
       3
      13
      10
       7
       5
      13
       9
      12
      11
       5
       7
       7
      10
       7
       5
       8
       6
       8
       4
       9
      11
      11
      11
       6
      11
       7
       9
      12
       5
       7
       9
      12
       6
       4
       7
       5
       9
       9
       8
       8
      11
       7
      10
       6
      12
       9
       8
       7
       5
      11
      10
      13
       9
      11
       7
       3
       9
       8
      11
       7
       8
       8
       8
      12
       9
       9
       3
       7
       8
       8
      12
       8
       9
       6
      11
       7
       3
       9
       4
       7
      12
      12
       8
       8
       7
       6
       3
       2
      18
       6
       6
       5
      10
       8
       8
       9
       6
       8
       5
       8
       8
       8
       9
       6
       5
       7
       6
       7
      10
       8
       9
       7
       8
       3
       5
       4
       8
       6
       9
       5
      10
       6
       8
      16
       6
       7
       6
       8
      11
       8
       9
       3
       8
       8
       7
       7
       6
       9
      10
       9
       4
       9
       5
       4
       8
       4
      10
       7
       8
       9
       7
       4
       6
       7
       6
       6
       3
       0
       6
       3
      10
       9
       4
       9
      10
      10
      11
      14
       8
       5
       5
      11
      10
       8
       7
       7
       5
       5
       6
       5
       7
       7
       7
       4
       8
       8
       6
       3
       1
      12
      10
       5
       6
       7
       5
       5
       7
       7
       8
      10
       6
       8
       7
       1
      10
       6
       3
       7
       9
       7
       0
       0
       0
       0
       0
       0
       0
       0
       0
       0
       0
       0
       0
       0
       0
       0
       0
       0
       0
       0
       0
       0
       0
       0
       0
       0
       0
       0
       0
       0
       0
       0
       0
       0
       0
       0
       0
       0
       0
       0
       0
       0
       0
       0
       0
       0
       0
       0
       0
       0
       0
       0
$ROI:
1
3 1022
$PRESETS:
Live Time
120
0
$ENER_FIT:
-7.505623 1.460325
$MCA_CAL:
3
-7.505623E+000 1.460325E+000 0.000000E+000 keV
$SHAPE_CAL:
3
1.866601E+000 6.279851E-002 0.000000E+000
