$SPEC_ID:
No sample description was entered.
$SPEC_REM:
DET# 19
DETDESC# WD011-04 Easy-MCA-8k SN 13260150
AP# Maestro Version 7.01
$DATE_MEA:
04/21/2017 15:08:30
$MEAS_TIM:
120 120
$DATA:
0 1023
       0
       0
       0
       0
       0
       0
       0
       0
       1
      19
      46
      59
      60
      47
      48
      55
      68
      55
      48
      60
      68
      66
      56
      55
      59
      69
      64
      64
      68
      48
      43
      61
      64
      60
      59
      75
      71
      64
      49
      72
      67
      64
      61
      66
      73
      76
      64
      69
      70
      60
      74
      92
      74
      75
      72
      74
      70
      77
      75
      52
      89
      88
      68
      79
      81
      70
      72
      85
      82
      71
      82
      80
      60
     104
      82
      76
      86
      76
      86
      90
     102
      98
     102
      87
      97
      95
     108
     115
     112
     115
     123
      99
     117
     121
     116
     144
     141
     146
     152
     126
     124
     152
     155
     140
     142
     138
     141
     138
     124
     172
     134
     160
     155
     140
     128
     140
     111
     145
     144
     138
     149
     122
     126
     152
     147
     128
     159
     158
     155
     157
     134
     163
     156
     126
     157
     144
     182
     149
     168
     151
     152
     159
     141
     158
     150
     165
     151
     135
     146
     150
     152
     165
     156
     157
     149
     160
     142
     142
     145
     152
     151
     159
     151
     154
     161
     129
     157
     154
     148
     142
     152
     157
     153
     172
     146
     152
     141
     157
     149
     152
     153
     153
     156
     159
     132
     159
     166
     131
     130
     167
     130
     154
     146
     141
     148
     150
     157
     152
     169
     154
     142
     161
     162
     129
     146
     150
     142
     152
     173
     170
     164
     146
     146
     147
     151
     153
     155
     163
     142
     175
     153
     152
     145
     145
     165
     164
     144
     159
     146
     136
     146
     162
     132
     157
     134
     152
     139
     173
     141
     130
     144
     136
     145
     142
     168
     173
     144
     146
     120
     126
     119
     160
     128
     133
     124
     137
     146
     142
     130
     120
     112
     125
     124
     147
     130
     142
     111
     125
     115
     115
     131
     127
     127
     131
     113
     114
     121
     124
     128
     134
     129
     143
     103
     127
     109
      99
     115
     124
     101
     111
     108
     129
     112
      88
     123
     118
     114
     113
     120
     105
     101
     117
      94
      85
     119
     124
     108
     102
      98
     108
      92
     117
     101
      92
      93
     112
      93
      92
      99
     110
     106
     107
      92
      94
      97
      81
      95
      87
      78
      85
      81
      83
      82
      94
      96
      87
      82
      78
      70
      83
      89
      99
      84
      95
      98
      90
      75
     106
      87
      90
      79
      90
     105
      79
      95
      91
      84
      72
      82
      80
      87
      86
      96
      79
      96
      97
      72
      94
     100
      80
      65
      80
      91
      66
      71
      65
      86
      69
      69
      88
      85
      65
      73
      73
      81
      54
      58
      69
      78
      82
      64
      80
      57
      64
      66
      57
      58
      53
      81
      65
      56
      61
      68
      67
      57
      50
      40
      48
      58
      76
      61
      65
      67
      50
      54
      44
      52
      51
      54
      47
      56
      58
      61
      42
      38
      56
      47
      59
      45
      51
      44
      40
      45
      54
      49
      39
      53
      53
      48
      42
      47
      42
      38
      42
      51
      36
      60
      41
      42
      46
      50
      47
      45
      38
      38
      45
      44
      38
      32
      48
      31
      34
      42
      43
      35
      35
      50
      36
      44
      27
      39
      50
      42
      47
      36
      50
      38
      38
      45
      38
      37
      37
      38
      40
      32
      37
      39
      32
      21
      52
      27
      48
      36
      31
      29
      28
      48
      32
      43
      42
      30
      47
      41
      41
      41
      41
      37
      31
      40
      37
      42
      34
      36
      24
      30
      29
      34
      49
      37
      42
      35
      43
      27
      31
      41
      35
      42
      36
      30
      37
      40
      43
      33
      38
      33
      41
      49
      32
      42
      33
      35
      40
      33
      36
      44
      46
      48
      59
      46
      49
      46
      63
      47
      49
      45
      52
      54
      55
      52
      74
      79
      66
      79
      70
      72
      72
      91
      86
     107
      89
     115
     103
     112
     139
     114
     133
     138
     142
     134
     164
     159
     160
     158
     160
     192
     204
     221
     212
     194
     185
     216
     200
     212
     201
     208
     223
     217
     242
     223
     235
     251
     247
     275
     205
     262
     264
     232
     215
     220
     231
     235
     228
     185
     193
     181
     191
     194
     200
     172
     166
     164
     170
     163
     158
     156
     150
     112
     112
     128
     112
     104
      94
     113
      72
      95
      82
      44
      67
      51
      60
      51
      59
      53
      43
      44
      37
      40
      30
      33
      32
      21
      20
      25
      21
      21
      24
      20
      24
      19
      28
      25
      22
      26
      21
      16
      15
      21
      16
       9
      19
       9
      27
      13
      19
      20
      18
      12
      16
      13
      17
       9
      16
      22
      14
      17
      14
      16
      13
      13
      12
       8
      14
      19
      12
      15
       6
      20
      15
      15
      13
      14
      13
      11
       8
      22
      10
      13
      20
      12
      11
      10
      11
      19
      24
      13
       8
      10
      22
      12
      10
      17
       9
      20
      18
      13
      13
      21
      20
      11
      19
      18
      16
      13
      18
      17
      14
       4
      11
      12
      14
      12
      16
       9
      10
      14
       9
      13
       9
      10
      14
       9
      11
      13
      20
      17
      15
       6
      14
      11
       9
      11
      14
      11
      13
       7
      15
      10
      10
       5
       6
      12
      10
      15
       7
      11
      13
      14
      11
      13
      12
      13
      12
      17
       9
      14
       7
      15
       9
      14
      11
      10
       9
      11
      16
       8
      16
      10
      11
      12
      11
       8
       9
      17
      15
       7
      11
      18
      13
      10
      10
      10
      15
      14
      13
       3
      20
      12
      12
      14
       6
      13
      15
      11
       9
       9
      11
      11
      15
      19
      15
      13
      10
      13
      12
      11
      11
      13
       7
      13
      15
      10
      13
      13
       8
      16
      14
      10
      10
      13
       8
      20
      15
       8
       7
       8
       7
      10
      11
      17
       8
       5
      11
      12
      14
       9
      16
      15
       8
       8
       8
      15
      12
      15
      10
      12
       8
      16
      14
      11
      16
      10
       9
       8
      13
       7
      15
       9
       9
      16
      10
      14
       9
      17
       7
       9
       8
      14
      14
      13
      13
       6
      11
      15
      14
       9
      13
       9
       9
      14
      12
       6
       6
      10
       8
       7
      12
      11
      10
      10
       6
      14
      13
      13
      12
      16
      18
      14
      10
      14
       8
       8
       8
      11
      11
       7
       4
      12
      10
      10
       8
      12
      14
      10
      12
      15
      14
      12
      10
      12
      15
      11
      18
       8
      15
       7
      12
      12
      12
      12
       7
       5
      12
       8
      13
      14
      16
      15
      14
      10
       4
      12
      11
      11
      17
      14
       3
       0
       0
       0
       0
       0
       0
       0
       0
       0
       0
       0
       0
       0
       0
       0
       0
       0
       0
       0
       0
       0
       0
       0
       0
       0
       0
       0
       0
       0
       0
       0
       0
       0
       0
       0
       0
       0
       0
       0
       0
       0
       0
       0
       0
       0
       0
       0
       0
$ROI:
1
3 1022
$PRESETS:
Live Time
120
0
$ENER_FIT:
0.000000 0.000000
$MCA_CAL:
3
0.000000E+000 0.000000E+000 0.000000E+000 
$SHAPE_CAL:
3
0.000000E+000 0.000000E+000 0.000000E+000
